Freq.	V(vo)
1.00000000000000e-003	-4.04904625861974e+000,2.84925745050010e-007
1.02305972984251e-003	-4.04904625861973e+000,2.91496055756038e-007
1.04665121082543e-003	-4.04904625861973e+000,2.98217876051929e-007
1.07078670498640e-003	-4.04904625861973e+000,3.05094699707893e-007
1.09547875712233e-003	-4.04904625861973e+000,3.12130101059539e-007
1.12074020130978e-003	-4.04904625861973e+000,3.19327736865686e-007
1.14658416757562e-003	-4.04904625861973e+000,3.26691348209029e-007
1.17302408872161e-003	-4.04904625861973e+000,3.34224762440614e-007
1.20007370730629e-003	-4.04904625861973e+000,3.41931895169171e-007
1.22774708278787e-003	-4.04904625861973e+000,3.49816752296309e-007
1.25605859883189e-003	-4.04904625861972e+000,3.57883432098645e-007
1.28502297078731e-003	-4.04904625861972e+000,3.66136127357950e-007
1.31465525333508e-003	-4.04904625861972e+000,3.74579127540406e-007
1.34497084831302e-003	-4.04904625861972e+000,3.83216821026130e-007
1.37598551272117e-003	-4.04904625861972e+000,3.92053697390098e-007
1.40771536691173e-003	-4.04904625861972e+000,4.01094349735670e-007
1.44017690296786e-003	-4.04904625861971e+000,4.10343477081931e-007
1.47338699327572e-003	-4.04904625861971e+000,4.19805886806075e-007
1.50736289929412e-003	-4.04904625861971e+000,4.29486497142118e-007
1.54212228052647e-003	-4.04904625861971e+000,4.39390339737220e-007
1.57768320369952e-003	-4.04904625861971e+000,4.49522562266969e-007
1.61406415215389e-003	-4.04904625861970e+000,4.59888431110957e-007
1.65128403545104e-003	-4.04904625861970e+000,4.70493334090070e-007
1.68936219920179e-003	-4.04904625861970e+000,4.81342783266888e-007
1.72831843512153e-003	-4.04904625861970e+000,4.92442417810664e-007
1.76817299131726e-003	-4.04904625861969e+000,5.03798006928369e-007
1.80894658281185e-003	-4.04904625861969e+000,5.15415452863331e-007
1.85066040231102e-003	-4.04904625861969e+000,5.27300793963013e-007
1.89333613121855e-003	-4.04904625861968e+000,5.39460207817540e-007
1.93699595090551e-003	-4.04904625861968e+000,5.51900014470596e-007
1.98166255423942e-003	-4.04904625861968e+000,5.64626679704364e-007
2.02735915737920e-003	-4.04904625861967e+000,5.77646818400218e-007
2.07410951184210e-003	-4.04904625861967e+000,5.90967197976911e-007
2.12193791684895e-003	-4.04904625861967e+000,6.04594741908043e-007
2.17086923195406e-003	-4.04904625861966e+000,6.18536533320643e-007
2.22092888996634e-003	-4.04904625861966e+000,6.32799818676738e-007
2.27214291016839e-003	-4.04904625861965e+000,6.47392011539811e-007
2.32453791184044e-003	-4.04904625861965e+000,6.62320696428116e-007
2.37814112809615e-003	-4.04904625861964e+000,6.77593632756850e-007
2.43298042003741e-003	-4.04904625861964e+000,6.93218758871226e-007
2.48908429123558e-003	-4.04904625861963e+000,7.09204196172555e-007
2.54648190254671e-003	-4.04904625861963e+000,7.25558253339466e-007
2.60520308726827e-003	-4.04904625861962e+000,7.42289430646475e-007
2.66527836664555e-003	-4.04904625861961e+000,7.59406424382132e-007
2.72673896573547e-003	-4.04904625861961e+000,7.76918131369048e-007
2.78961682963638e-003	-4.04904625861960e+000,7.94833653588163e-007
2.85394464009191e-003	-4.04904625861959e+000,8.13162302909639e-007
2.91975583247790e-003	-4.04904625861958e+000,8.31913605932846e-007
2.98708461318093e-003	-4.04904625861958e+000,8.51097308937963e-007
3.05596597737760e-003	-4.04904625861957e+000,8.70723382951756e-007
3.12643572722382e-003	-4.04904625861956e+000,8.90802028930177e-007
3.19853049046357e-003	-4.04904625861955e+000,9.11343683060464e-007
3.27228773946669e-003	-4.04904625861954e+000,9.32359022185512e-007
3.34774581070574e-003	-4.04904625861953e+000,9.53858969353333e-007
3.42494392468201e-003	-4.04904625861952e+000,9.75854699494472e-007
3.50392220631091e-003	-4.04904625861951e+000,9.98357645230354e-007
3.58472170577761e-003	-4.04904625861950e+000,1.02137950281557e-006
3.66738441987342e-003	-4.04904625861948e+000,1.04493223821717e-006
3.75195331382432e-003	-4.04904625861947e+000,1.06902809333418e-006
3.83847234362282e-003	-4.04904625861946e+000,1.09367959236051e-006
3.92698647887470e-003	-4.04904625861945e+000,1.11889954829461e-006
4.01754172617274e-003	-4.04904625861943e+000,1.14470106959918e-006
4.11018515300928e-003	-4.04904625861942e+000,1.17109756701457e-006
4.20496491224037e-003	-4.04904625861940e+000,1.19810276052914e-006
4.30193026711386e-003	-4.04904625861938e+000,1.22573068651050e-006
4.40113161687482e-003	-4.04904625861937e+000,1.25399570500110e-006
4.50262052296127e-003	-4.04904625861935e+000,1.28291250718208e-006
4.60644973580409e-003	-4.04904625861933e+000,1.31249612300927e-006
4.71267322224483e-003	-4.04904625861931e+000,1.34276192902520e-006
4.82134619358582e-003	-4.04904625861929e+000,1.37372565635132e-006
4.93252513428712e-003	-4.04904625861927e+000,1.40540339886449e-006
5.04626783132516e-003	-4.04904625861924e+000,1.43781162156204e-006
5.16263340422846e-003	-4.04904625861922e+000,1.47096716911967e-006
5.28168233580588e-003	-4.04904625861919e+000,1.50488727464676e-006
5.40347650358351e-003	-4.04904625861917e+000,1.53958956864354e-006
5.52807921196649e-003	-4.04904625861914e+000,1.57509208816479e-006
5.65555522514243e-003	-4.04904625861911e+000,1.61141328619493e-006
5.78597080074360e-003	-4.04904625861908e+000,1.64857204123920e-006
5.91939372428539e-003	-4.04904625861905e+000,1.68658766713608e-006
6.05589334439885e-003	-4.04904625861902e+000,1.72547992309593e-006
6.19554060887573e-003	-4.04904625861898e+000,1.76526902397118e-006
6.33840810154470e-003	-4.04904625861895e+000,1.80597565076329e-006
6.48457007999789e-003	-4.04904625861891e+000,1.84762096137202e-006
6.63410251418745e-003	-4.04904625861887e+000,1.89022660159260e-006
6.78708312591212e-003	-4.04904625861883e+000,1.93381471636642e-006
6.94359142921431e-003	-4.04904625861878e+000,1.97840796129128e-006
7.10370877170875e-003	-4.04904625861874e+000,2.02402951439690e-006
7.26751837686421e-003	-4.04904625861869e+000,2.07070308819214e-006
7.43510538726016e-003	-4.04904625861864e+000,2.11845294198987e-006
7.60655690884096e-003	-4.04904625861859e+000,2.16730389451619e-006
7.78196205619050e-003	-4.04904625861854e+000,2.21728133681033e-006
7.96141199885091e-003	-4.04904625861848e+000,2.26841124542197e-006
8.14500000870932e-003	-4.04904625861842e+000,2.32072019591308e-006
8.33282150847738e-003	-4.04904625861836e+000,2.37423537667085e-006
8.52497412128872e-003	-4.04904625861829e+000,2.42898460303937e-006
8.72155772144001e-003	-4.04904625861822e+000,2.48499633177703e-006
8.92267448630226e-003	-4.04904625861815e+000,2.54229967584739e-006
9.12842894942904e-003	-4.04904625861808e+000,2.60092441955107e-006
9.33892805488941e-003	-4.04904625861800e+000,2.66090103400665e-006
9.55428121285378e-003	-4.04904625861792e+000,2.72226069298844e-006
9.77460035646154e-003	-4.04904625861783e+000,2.78503528912958e-006
1.00000000000000e-002	-4.04904625861774e+000,2.84925745049870e-006
1.02305972984251e-002	-4.04904625861765e+000,2.91496055755888e-006
1.04665121082543e-002	-4.04904625861755e+000,2.98217876051769e-006
1.07078670498640e-002	-4.04904625861744e+000,3.05094699707721e-006
1.09547875712234e-002	-4.04904625861734e+000,3.12130101059354e-006
1.12074020130978e-002	-4.04904625861722e+000,3.19327736865489e-006
1.14658416757563e-002	-4.04904625861711e+000,3.26691348208817e-006
1.17302408872162e-002	-4.04904625861698e+000,3.34224762440387e-006
1.20007370730629e-002	-4.04904625861685e+000,3.41931895168928e-006
1.22774708278787e-002	-4.04904625861672e+000,3.49816752296049e-006
1.25605859883189e-002	-4.04904625861658e+000,3.57883432098367e-006
1.28502297078731e-002	-4.04904625861643e+000,3.66136127357651e-006
1.31465525333509e-002	-4.04904625861627e+000,3.74579127540087e-006
1.34497084831303e-002	-4.04904625861611e+000,3.83216821025788e-006
1.37598551272118e-002	-4.04904625861594e+000,3.92053697389731e-006
1.40771536691173e-002	-4.04904625861576e+000,4.01094349735277e-006
1.44017690296786e-002	-4.04904625861558e+000,4.10343477081511e-006
1.47338699327572e-002	-4.04904625861538e+000,4.19805886805625e-006
1.50736289929413e-002	-4.04904625861518e+000,4.29486497141636e-006
1.54212228052647e-002	-4.04904625861496e+000,4.39390339736704e-006
1.57768320369953e-002	-4.04904625861474e+000,4.49522562266416e-006
1.61406415215390e-002	-4.04904625861451e+000,4.59888431110365e-006
1.65128403545105e-002	-4.04904625861426e+000,4.70493334089436e-006
1.68936219920179e-002	-4.04904625861400e+000,4.81342783266209e-006
1.72831843512153e-002	-4.04904625861374e+000,4.92442417809936e-006
1.76817299131726e-002	-4.04904625861345e+000,5.03798006927590e-006
1.80894658281186e-002	-4.04904625861316e+000,5.15415452862497e-006
1.85066040231103e-002	-4.04904625861285e+000,5.27300793962120e-006
1.89333613121855e-002	-4.04904625861253e+000,5.39460207816584e-006
1.93699595090551e-002	-4.04904625861219e+000,5.51900014469572e-006
1.98166255423943e-002	-4.04904625861184e+000,5.64626679703267e-006
2.02735915737920e-002	-4.04904625861147e+000,5.77646818399044e-006
2.07410951184210e-002	-4.04904625861109e+000,5.90967197975654e-006
2.12193791684896e-002	-4.04904625861068e+000,6.04594741906696e-006
2.17086923195407e-002	-4.04904625861026e+000,6.18536533319201e-006
2.22092888996635e-002	-4.04904625860981e+000,6.32799818675194e-006
2.27214291016839e-002	-4.04904625860935e+000,6.47392011538158e-006
2.32453791184045e-002	-4.04904625860886e+000,6.62320696426346e-006
2.37814112809616e-002	-4.04904625860836e+000,6.77593632754954e-006
2.43298042003741e-002	-4.04904625860782e+000,6.93218758869196e-006
2.48908429123559e-002	-4.04904625860727e+000,7.09204196170380e-006
2.54648190254671e-002	-4.04904625860669e+000,7.25558253337138e-006
2.60520308726828e-002	-4.04904625860608e+000,7.42289430643982e-006
2.66527836664556e-002	-4.04904625860544e+000,7.59406424379462e-006
2.72673896573548e-002	-4.04904625860477e+000,7.76918131366189e-006
2.78961682963639e-002	-4.04904625860407e+000,7.94833653585102e-006
2.85394464009192e-002	-4.04904625860334e+000,8.13162302906360e-006
2.91975583247791e-002	-4.04904625860257e+000,8.31913605929335e-006
2.98708461318094e-002	-4.04904625860177e+000,8.51097308934203e-006
3.05596597737761e-002	-4.04904625860093e+000,8.70723382947731e-006
3.12643572722383e-002	-4.04904625860005e+000,8.90802028925866e-006
3.19853049046358e-002	-4.04904625859913e+000,9.11343683055848e-006
3.27228773946670e-002	-4.04904625859817e+000,9.32359022180569e-006
3.34774581070575e-002	-4.04904625859716e+000,9.53858969348040e-006
3.42494392468202e-002	-4.04904625859611e+000,9.75854699488805e-006
3.50392220631093e-002	-4.04904625859501e+000,9.98357645224285e-006
3.58472170577762e-002	-4.04904625859385e+000,1.02137950280907e-005
3.66738441987343e-002	-4.04904625859265e+000,1.04493223821021e-005
3.75195331382434e-002	-4.04904625859138e+000,1.06902809332673e-005
3.83847234362283e-002	-4.04904625859006e+000,1.09367959235253e-005
3.92698647887472e-002	-4.04904625858867e+000,1.11889954828606e-005
4.01754172617275e-002	-4.04904625858722e+000,1.14470106959003e-005
4.11018515300930e-002	-4.04904625858570e+000,1.17109756700477e-005
4.20496491224039e-002	-4.04904625858412e+000,1.19810276051864e-005
4.30193026711388e-002	-4.04904625858245e+000,1.22573068649926e-005
4.40113161687483e-002	-4.04904625858071e+000,1.25399570498907e-005
4.50262052296129e-002	-4.04904625857889e+000,1.28291250716920e-005
4.60644973580411e-002	-4.04904625857699e+000,1.31249612299548e-005
4.71267322224485e-002	-4.04904625857499e+000,1.34276192901043e-005
4.82134619358584e-002	-4.04904625857290e+000,1.37372565633550e-005
4.93252513428714e-002	-4.04904625857071e+000,1.40540339884756e-005
5.04626783132518e-002	-4.04904625856843e+000,1.43781162154391e-005
5.16263340422848e-002	-4.04904625856603e+000,1.47096716910026e-005
5.28168233580590e-002	-4.04904625856353e+000,1.50488727462597e-005
5.40347650358354e-002	-4.04904625856090e+000,1.53958956862127e-005
5.52807921196652e-002	-4.04904625855816e+000,1.57509208814095e-005
5.65555522514245e-002	-4.04904625855528e+000,1.61141328616940e-005
5.78597080074363e-002	-4.04904625855228e+000,1.64857204121187e-005
5.91939372428542e-002	-4.04904625854913e+000,1.68658766710681e-005
6.05589334439888e-002	-4.04904625854583e+000,1.72547992306458e-005
6.19554060887576e-002	-4.04904625854238e+000,1.76526902393761e-005
6.33840810154473e-002	-4.04904625853878e+000,1.80597565072735e-005
6.48457007999792e-002	-4.04904625853500e+000,1.84762096133354e-005
6.63410251418749e-002	-4.04904625853104e+000,1.89022660155139e-005
6.78708312591216e-002	-4.04904625852690e+000,1.93381471632230e-005
6.94359142921434e-002	-4.04904625852257e+000,1.97840796124403e-005
7.10370877170878e-002	-4.04904625851804e+000,2.02402951434631e-005
7.26751837686424e-002	-4.04904625851329e+000,2.07070308813796e-005
7.43510538726020e-002	-4.04904625850833e+000,2.11845294193185e-005
7.60655690884100e-002	-4.04904625850313e+000,2.16730389445407e-005
7.78196205619054e-002	-4.04904625849769e+000,2.21728133674380e-005
7.96141199885095e-002	-4.04904625849199e+000,2.26841124535075e-005
8.14500000870936e-002	-4.04904625848603e+000,2.32072019583681e-005
8.33282150847742e-002	-4.04904625847980e+000,2.37423537658918e-005
8.52497412128876e-002	-4.04904625847327e+000,2.42898460295192e-005
8.72155772144005e-002	-4.04904625846643e+000,2.48499633168338e-005
8.92267448630231e-002	-4.04904625845928e+000,2.54229967574711e-005
9.12842894942908e-002	-4.04904625845179e+000,2.60092441944370e-005
9.33892805488945e-002	-4.04904625844396e+000,2.66090103389168e-005
9.55428121285383e-002	-4.04904625843576e+000,2.72226069286533e-005
9.77460035646159e-002	-4.04904625842717e+000,2.78503528899775e-005
1.00000000000001e-001	-4.04904625841819e+000,2.84925745035754e-005
1.02305972984252e-001	-4.04904625840878e+000,2.91496055740773e-005
1.04665121082544e-001	-4.04904625839894e+000,2.98217876035583e-005
1.07078670498640e-001	-4.04904625838864e+000,3.05094699690390e-005
1.09547875712234e-001	-4.04904625837786e+000,3.12130101040796e-005
1.12074020130979e-001	-4.04904625836657e+000,3.19327736845617e-005
1.14658416757563e-001	-4.04904625835476e+000,3.26691348187539e-005
1.17302408872162e-001	-4.04904625834240e+000,3.34224762417603e-005
1.20007370730630e-001	-4.04904625832946e+000,3.41931895144531e-005
1.22774708278788e-001	-4.04904625831592e+000,3.49816752269924e-005
1.25605859883190e-001	-4.04904625830175e+000,3.57883432070393e-005
1.28502297078732e-001	-4.04904625828691e+000,3.66136127327697e-005
1.31465525333509e-001	-4.04904625827138e+000,3.74579127508012e-005
1.34497084831303e-001	-4.04904625825513e+000,3.83216820991443e-005
1.37598551272118e-001	-4.04904625823812e+000,3.92053697352955e-005
1.40771536691174e-001	-4.04904625822032e+000,4.01094349695898e-005
1.44017690296787e-001	-4.04904625820168e+000,4.10343477039343e-005
1.47338699327573e-001	-4.04904625818218e+000,4.19805886760473e-005
1.50736289929414e-001	-4.04904625816177e+000,4.29486497093287e-005
1.54212228052648e-001	-4.04904625814040e+000,4.39390339684933e-005
1.57768320369953e-001	-4.04904625811804e+000,4.49522562210980e-005
1.61406415215391e-001	-4.04904625809463e+000,4.59888431051005e-005
1.65128403545105e-001	-4.04904625807013e+000,4.70493334025874e-005
1.68936219920180e-001	-4.04904625804449e+000,4.81342783198147e-005
1.72831843512154e-001	-4.04904625801766e+000,4.92442417737057e-005
1.76817299131727e-001	-4.04904625798957e+000,5.03798006849551e-005
1.80894658281187e-001	-4.04904625796017e+000,5.15415452778934e-005
1.85066040231104e-001	-4.04904625792940e+000,5.27300793872642e-005
1.89333613121856e-001	-4.04904625789719e+000,5.39460207720772e-005
1.93699595090552e-001	-4.04904625786348e+000,5.51900014366977e-005
1.98166255423944e-001	-4.04904625782820e+000,5.64626679593410e-005
2.02735915737921e-001	-4.04904625779127e+000,5.77646818281410e-005
2.07410951184211e-001	-4.04904625775263e+000,5.90967197849693e-005
2.12193791684897e-001	-4.04904625771217e+000,6.04594741771819e-005
2.17086923195408e-001	-4.04904625766983e+000,6.18536533174776e-005
2.22092888996636e-001	-4.04904625762552e+000,6.32799818520545e-005
2.27214291016840e-001	-4.04904625757914e+000,6.47392011372562e-005
2.32453791184046e-001	-4.04904625753059e+000,6.62320696249028e-005
2.37814112809617e-001	-4.04904625747978e+000,6.77593632565084e-005
2.43298042003743e-001	-4.04904625742660e+000,6.93218758665885e-005
2.48908429123560e-001	-4.04904625737093e+000,7.09204195952679e-005
2.54648190254673e-001	-4.04904625731268e+000,7.25558253104025e-005
2.60520308726829e-001	-4.04904625725170e+000,7.42289430394368e-005
2.66527836664557e-001	-4.04904625718788e+000,7.59406424112178e-005
2.72673896573550e-001	-4.04904625712108e+000,7.76918131079985e-005
2.78961682963640e-001	-4.04904625705116e+000,7.94833653278638e-005
2.85394464009193e-001	-4.04904625697799e+000,8.13162302578203e-005
2.91975583247793e-001	-4.04904625690140e+000,8.31913605577949e-005
2.98708461318096e-001	-4.04904625682123e+000,8.51097308557943e-005
3.05596597737762e-001	-4.04904625673733e+000,8.70723382544836e-005
3.12643572722385e-001	-4.04904625664951e+000,8.90802028494452e-005
3.19853049046360e-001	-4.04904625655760e+000,9.11343682593895e-005
3.27228773946671e-001	-4.04904625646139e+000,9.32359021685916e-005
3.34774581070577e-001	-4.04904625636070e+000,9.53858968818372e-005
3.42494392468204e-001	-4.04904625625532e+000,9.75854698921643e-005
3.50392220631094e-001	-4.04904625614501e+000,9.98357644616976e-005
3.58472170577764e-001	-4.04904625602956e+000,1.02137950215877e-004
3.66738441987345e-001	-4.04904625590873e+000,1.04493223751387e-004
3.75195331382436e-001	-4.04904625578225e+000,1.06902809258110e-004
3.83847234362285e-001	-4.04904625564988e+000,1.09367959155413e-004
3.92698647887474e-001	-4.04904625551133e+000,1.11889954743114e-004
4.01754172617277e-001	-4.04904625536632e+000,1.14470106867459e-004
4.11018515300932e-001	-4.04904625521455e+000,1.17109756602453e-004
4.20496491224040e-001	-4.04904625505569e+000,1.19810275946902e-004
4.30193026711390e-001	-4.04904625488942e+000,1.22573068537533e-004
4.40113161687485e-001	-4.04904625471539e+000,1.25399570378558e-004
4.50262052296131e-001	-4.04904625453325e+000,1.28291250588052e-004
4.60644973580413e-001	-4.04904625434261e+000,1.31249612161558e-004
4.71267322224487e-001	-4.04904625414308e+000,1.34276192753285e-004
4.82134619358586e-001	-4.04904625393424e+000,1.37372565475333e-004
4.93252513428716e-001	-4.04904625371565e+000,1.40540339715339e-004
5.04626783132521e-001	-4.04904625348687e+000,1.43781161972981e-004
5.16263340422851e-001	-4.04904625324741e+000,1.47096716715775e-004
5.28168233580593e-001	-4.04904625299679e+000,1.50488727254596e-004
5.40347650358356e-001	-4.04904625273447e+000,1.53958956639402e-004
5.52807921196654e-001	-4.04904625245991e+000,1.57509208575604e-004
5.65555522514248e-001	-4.04904625217255e+000,1.61141328361567e-004
5.78597080074365e-001	-4.04904625187178e+000,1.64857203847737e-004
5.91939372428544e-001	-4.04904625155698e+000,1.68658766417874e-004
6.05589334439890e-001	-4.04904625122749e+000,1.72547991992925e-004
6.19554060887579e-001	-4.04904625088263e+000,1.76526902058034e-004
6.33840810154476e-001	-4.04904625052168e+000,1.80597564713242e-004
6.48457007999795e-001	-4.04904625014390e+000,1.84762095748414e-004
6.63410251418751e-001	-4.04904624974849e+000,1.89022659742950e-004
6.78708312591218e-001	-4.04904624933463e+000,1.93381471190863e-004
6.94359142921437e-001	-4.04904624890147e+000,1.97840795651794e-004
7.10370877170881e-001	-4.04904624844810e+000,2.02402950928567e-004
7.26751837686427e-001	-4.04904624797358e+000,2.07070308271910e-004
7.43510538726023e-001	-4.04904624747693e+000,2.11845293612942e-004
7.60655690884103e-001	-4.04904624695710e+000,2.16730388824090e-004
7.78196205619057e-001	-4.04904624641302e+000,2.21728133009082e-004
7.96141199885098e-001	-4.04904624584356e+000,2.26841123822682e-004
8.14500000870939e-001	-4.04904624524754e+000,2.32072018820860e-004
8.33282150847746e-001	-4.04904624462371e+000,2.37423536842100e-004
8.52497412128879e-001	-4.04904624397077e+000,2.42898459420553e-004
8.72155772144009e-001	-4.04904624328738e+000,2.48499632231787e-004
8.92267448630234e-001	-4.04904624257211e+000,2.54229966571865e-004
9.12842894942912e-001	-4.04904624182347e+000,2.60092440870535e-004
9.33892805488949e-001	-4.04904624103990e+000,2.66090102239320e-004
9.55428121285386e-001	-4.04904624021978e+000,2.72226068055291e-004
9.77460035646163e-001	-4.04904623936140e+000,2.78503527581377e-004
1.00000000000001e+000	-4.04904623846297e+000,2.84925743624029e-004
1.02305972984252e+000	-4.04904623752263e+000,2.91496054229117e-004
1.04665121082544e+000	-4.04904623653843e+000,2.98217874416922e-004
1.07078670498641e+000	-4.04904623550831e+000,3.05094697957149e-004
1.09547875712235e+000	-4.04904623443013e+000,3.12130099184865e-004
1.12074020130979e+000	-4.04904623330165e+000,3.19327734858311e-004
1.14658416757564e+000	-4.04904623212053e+000,3.26691346059557e-004
1.17302408872163e+000	-4.04904623088431e+000,3.34224760138988e-004
1.20007370730630e+000	-4.04904622959042e+000,3.41931892704620e-004
1.22774708278788e+000	-4.04904622823617e+000,3.49816749657301e-004
1.25605859883190e+000	-4.04904622681873e+000,3.57883429272832e-004
1.28502297078732e+000	-4.04904622533518e+000,3.66136124332104e-004
1.31465525333510e+000	-4.04904622378241e+000,3.74579124300371e-004
1.34497084831304e+000	-4.04904622215721e+000,3.83216817556744e-004
1.37598551272119e+000	-4.04904622045619e+000,3.92053693675124e-004
1.40771536691174e+000	-4.04904621867581e+000,4.01094345757725e-004
1.44017690296788e+000	-4.04904621681238e+000,4.10343472822401e-004
1.47338699327574e+000	-4.04904621486201e+000,4.19805882245027e-004
1.50736289929414e+000	-4.04904621282066e+000,4.29486492258208e-004
1.54212228052649e+000	-4.04904621068408e+000,4.39390334507594e-004
1.57768320369954e+000	-4.04904620844782e+000,4.49522556667154e-004
1.61406415215391e+000	-4.04904620610724e+000,4.59888425114749e-004
1.65128403545106e+000	-4.04904620365746e+000,4.70493327669413e-004
1.68936219920181e+000	-4.04904620109341e+000,4.81342776391733e-004
1.72831843512155e+000	-4.04904619840973e+000,4.92442410448837e-004
1.76817299131728e+000	-4.04904619560087e+000,5.03797999045422e-004
1.80894658281188e+000	-4.04904619266095e+000,5.15415444422376e-004
1.85066040231105e+000	-4.04904618958390e+000,5.27300784924550e-004
1.89333613121857e+000	-4.04904618636329e+000,5.39460198139274e-004
1.93699595090553e+000	-4.04904618299244e+000,5.51900004107237e-004
1.98166255423944e+000	-4.04904617946433e+000,5.64626668607417e-004
2.02735915737922e+000	-4.04904617577164e+000,5.77646806517755e-004
2.07410951184212e+000	-4.04904617190667e+000,5.90967185253327e-004
2.12193791684898e+000	-4.04904616786140e+000,6.04594728283797e-004
2.17086923195409e+000	-4.04904616362742e+000,6.18536518731981e-004
2.22092888996637e+000	-4.04904615919591e+000,6.32799803055393e-004
2.27214291016841e+000	-4.04904615455767e+000,6.47391994812682e-004
2.32453791184047e+000	-4.04904614970304e+000,6.62320678516929e-004
2.37814112809618e+000	-4.04904614462195e+000,6.77593613577788e-004
2.43298042003744e+000	-4.04904613930381e+000,6.93218738334542e-004
2.48908429123561e+000	-4.04904613373758e+000,7.09204174182145e-004
2.54648190254674e+000	-4.04904612791167e+000,7.25558229792428e-004
2.60520308726830e+000	-4.04904612181398e+000,7.42289405432619e-004
2.66527836664558e+000	-4.04904611543183e+000,7.59406397383469e-004
2.72673896573551e+000	-4.04904610875194e+000,7.76918102459238e-004
2.78961682963641e+000	-4.04904610176042e+000,7.94833622631923e-004
2.85394464009194e+000	-4.04904609444275e+000,8.13162269762108e-004
2.91975583247794e+000	-4.04904608678369e+000,8.31913570438910e-004
2.98708461318097e+000	-4.04904607876733e+000,8.51097270931528e-004
3.05596597737763e+000	-4.04904607037700e+000,8.70723342254971e-004
3.12643572722386e+000	-4.04904606159525e+000,8.90801985352600e-004
3.19853049046361e+000	-4.04904605240381e+000,9.11343636398173e-004
3.27228773946673e+000	-4.04904604278359e+000,9.32358972220152e-004
3.34774581070578e+000	-4.04904603271457e+000,9.53858915851089e-004
3.42494392468205e+000	-4.04904602217582e+000,9.75854642204980e-004
3.50392220631096e+000	-4.04904601114542e+000,9.98357583885527e-004
3.58472170577765e+000	-4.04904599960045e+000,1.02137943712834e-003
3.66738441987346e+000	-4.04904598751689e+000,1.04493216788016e-003
3.75195331382437e+000	-4.04904597486961e+000,1.06902801801824e-003
3.83847234362286e+000	-4.04904596163232e+000,1.09367951171321e-003
3.92698647887475e+000	-4.04904594777750e+000,1.11889946193855e-003
4.01754172617278e+000	-4.04904593327634e+000,1.14470097713026e-003
4.11018515300933e+000	-4.04904591809867e+000,1.17109746800008e-003
4.20496491224042e+000	-4.04904590221295e+000,1.19810265450574e-003
4.30193026711391e+000	-4.04904588558615e+000,1.22573057298205e-003
4.40113161687487e+000	-4.04904586818368e+000,1.25399558343634e-003
4.50262052296133e+000	-4.04904584996936e+000,1.28291237701216e-003
4.60644973580415e+000	-4.04904583090533e+000,1.31249598362505e-003
4.71267322224489e+000	-4.04904581095194e+000,1.34276177977443e-003
4.82134619358588e+000	-4.04904579006769e+000,1.37372549653557e-003
4.93252513428718e+000	-4.04904576820917e+000,1.40540322773592e-003
5.04626783132522e+000	-4.04904574533093e+000,1.43781143831985e-003
5.16263340422853e+000	-4.04904572138539e+000,1.47096697290636e-003
5.28168233580595e+000	-4.04904569632276e+000,1.50488706454416e-003
5.40347650358358e+000	-4.04904567009093e+000,1.53958934366847e-003
5.52807921196656e+000	-4.04904564263535e+000,1.57509184726447e-003
5.65555522514250e+000	-4.04904561389893e+000,1.61141302824208e-003
5.78597080074367e+000	-4.04904558382193e+000,1.64857176502672e-003
5.91939372428546e+000	-4.04904555234180e+000,1.68658737137142e-003
6.05589334439893e+000	-4.04904551939309e+000,1.72547960639507e-003
6.19554060887581e+000	-4.04904548490727e+000,1.76526868485211e-003
6.33840810154478e+000	-4.04904544881266e+000,1.80597528763910e-003
6.48457007999797e+000	-4.04904541103418e+000,1.84762057254347e-003
6.63410251418754e+000	-4.04904537149330e+000,1.89022618524016e-003
6.78708312591221e+000	-4.04904533010778e+000,1.93381427054177e-003
6.94359142921439e+000	-4.04904528679159e+000,1.97840748390817e-003
7.10370877170884e+000	-4.04904524145464e+000,2.02402900322142e-003
7.26751837686430e+000	-4.04904519400267e+000,2.07070254083223e-003
7.43510538726026e+000	-4.04904514433700e+000,2.11845235588417e-003
7.60655690884106e+000	-4.04904509235438e+000,2.16730326692201e-003
7.78196205619060e+000	-4.04904503794670e+000,2.21728066479082e-003
7.96141199885101e+000	-4.04904498100084e+000,2.26841052583243e-003
8.14500000870942e+000	-4.04904492139839e+000,2.32071942538618e-003
8.33282150847749e+000	-4.04904485901542e+000,2.37423455160090e-003
8.52497412128882e+000	-4.04904479372221e+000,2.42898371956544e-003
8.72155772144012e+000	-4.04904472538299e+000,2.48499538576491e-003
8.92267448630238e+000	-4.04904465385567e+000,2.54229866287020e-003
9.12842894942915e+000	-4.04904457899151e+000,2.60092333486859e-003
9.33892805488953e+000	-4.04904450063485e+000,2.66089987254309e-003
9.55428121285390e+000	-4.04904441862277e+000,2.72225944930873e-003
9.77460035646167e+000	-4.04904433278472e+000,2.78503395741391e-003
1.00000000000002e+001	-4.04904424294223e+000,2.84925602451528e-003
1.02305972984253e+001	-4.04904414890848e+000,2.91495903063484e-003
1.04665121082544e+001	-4.04904405048795e+000,2.98217712550775e-003
1.07078670498641e+001	-4.04904394747598e+000,3.05094524633036e-003
1.09547875712235e+001	-4.04904383965840e+000,3.12129913591713e-003
1.12074020130980e+001	-4.04904372681099e+000,3.19327536127638e-003
1.14658416757564e+001	-4.04904360869912e+000,3.26691133261400e-003
1.17302408872163e+001	-4.04904348507720e+000,3.34224532277558e-003
1.20007370730631e+001	-4.04904335568818e+000,3.41931648713638e-003
1.22774708278789e+001	-4.04904322026300e+000,3.49816488395010e-003
1.25605859883191e+001	-4.04904307852010e+000,3.57883149516651e-003
1.28502297078733e+001	-4.04904293016472e+000,3.66135824772920e-003
1.31465525333510e+001	-4.04904277488839e+000,3.74578803536390e-003
1.34497084831305e+001	-4.04904261236826e+000,3.83216474086953e-003
1.37598551272119e+001	-4.04904244226637e+000,3.92053325892255e-003
1.40771536691175e+001	-4.04904226422904e+000,4.01093951940735e-003
1.44017690296788e+001	-4.04904207788607e+000,4.10343051128423e-003
1.47338699327574e+001	-4.04904188284999e+000,4.19805430700743e-003
1.50736289929415e+001	-4.04904167871527e+000,4.29486008750618e-003
1.54212228052649e+001	-4.04904146505743e+000,4.39389816774122e-003
1.57768320369955e+001	-4.04904124143222e+000,4.49522002285064e-003
1.61406415215392e+001	-4.04904100737465e+000,4.59887831489814e-003
1.65128403545107e+001	-4.04904076239805e+000,4.70492692023759e-003
1.68936219920182e+001	-4.04904050564446e+000,4.81342095667998e-003
1.72831843512156e+001	-4.04904023727786e+000,4.92441681542916e-003
1.76817299131729e+001	-4.04903995639167e+000,5.03797218546754e-003
1.80894658281188e+001	-4.04903966240184e+000,5.15414608678981e-003
1.85066040231106e+001	-4.04903935469708e+000,5.27299890025939e-003
1.89333613121858e+001	-4.04903903263756e+000,5.39459239898147e-003
1.93699595090554e+001	-4.04903869555364e+000,5.51898978039898e-003
1.98166255423945e+001	-4.04903834274440e+000,5.64625569912782e-003
2.02735915737923e+001	-4.04903797347625e+000,5.77645630054897e-003
2.07410951184213e+001	-4.04903758698137e+000,5.90965925517406e-003
2.12193791684899e+001	-4.04903718245611e+000,6.04593379380313e-003
2.17086923195410e+001	-4.04903675905935e+000,6.18535074349189e-003
2.22092888996638e+001	-4.04903631591070e+000,6.32798256434752e-003
2.27214291016842e+001	-4.04903585208875e+000,6.47390338717256e-003
2.32453791184048e+001	-4.04903536662905e+000,6.62318905197498e-003
2.37814112809619e+001	-4.04903485852219e+000,6.77591714736604e-003
2.43298042003745e+001	-4.04903432671167e+000,6.93216705086486e-003
2.48908429123562e+001	-4.04903377009170e+000,7.09201997013156e-003
2.54648190254675e+001	-4.04903318750489e+000,7.25555898514989e-003
2.60520308726831e+001	-4.04903257773989e+000,7.42286909138075e-003
2.66527836664559e+001	-4.04903193952881e+000,7.59403724390988e-003
2.72673896573552e+001	-4.04903127154463e+000,7.76915240261146e-003
2.78961682963642e+001	-4.04903057239841e+000,7.94830557835178e-003
2.85394464009195e+001	-4.04902984063643e+000,8.13158988025632e-003
2.91975583247795e+001	-4.04902907473716e+000,8.31910056406479e-003
2.98708461318098e+001	-4.04902827310807e+000,8.51093508159911e-003
3.05596597737765e+001	-4.04902743408235e+000,8.70719313136994e-003
3.12643572722387e+001	-4.04902655591545e+000,8.90797671034738e-003
3.19853049046362e+001	-4.04902563678140e+000,9.11339016692348e-003
3.27228773946674e+001	-4.04902467476908e+000,9.32354025509256e-003
3.34774581070580e+001	-4.04902366787822e+000,9.53853618987827e-003
3.42494392468206e+001	-4.04902261401523e+000,9.75848970403558e-003
3.50392220631097e+001	-4.04902151098883e+000,9.98351510605666e-003
3.58472170577767e+001	-4.04902035650557e+000,1.02137293395110e-002
3.66738441987348e+001	-4.04901914816498e+000,1.04492520437493e-002
3.75195331382439e+001	-4.04901788345461e+000,1.06902056160038e-002
3.83847234362288e+001	-4.04901655974482e+000,1.09367152749152e-002
3.92698647887477e+001	-4.04901517428329e+000,1.11889091255207e-002
4.01754172617280e+001	-4.04901372418933e+000,1.14469182257341e-002
4.11018515300935e+001	-4.04901220644785e+000,1.17108766543544e-002
4.20496491224044e+001	-4.04901061790312e+000,1.19809215806366e-002
4.30193026711393e+001	-4.04900895525220e+000,1.22571933354595e-002
4.40113161687489e+001	-4.04900721503806e+000,1.25398354841292e-002
4.50262052296135e+001	-4.04900539364244e+000,1.28289949008528e-002
4.60644973580417e+001	-4.04900348727828e+000,1.31248218449221e-002
4.71267322224491e+001	-4.04900149198185e+000,1.34274700386462e-002
4.82134619358590e+001	-4.04899940360454e+000,1.37370967470712e-002
4.93252513428720e+001	-4.04899721780422e+000,1.40538628595294e-002
5.04626783132525e+001	-4.04899493003622e+000,1.43779329730583e-002
5.16263340422855e+001	-4.04899253554384e+000,1.47094754777321e-002
5.28168233580597e+001	-4.04899002934855e+000,1.50486626439500e-002
5.40347650358360e+001	-4.04898740623956e+000,1.53956707117230e-002
5.52807921196658e+001	-4.04898466076301e+000,1.57506799820076e-002
5.65555522514252e+001	-4.04898178721067e+000,1.61138749101307e-002
5.78597080074370e+001	-4.04897877960803e+000,1.64854442013527e-002
5.91939372428549e+001	-4.04897563170189e+000,1.68655809086188e-002
6.05589334439895e+001	-4.04897233694739e+000,1.72544825325451e-002
6.19554060887584e+001	-4.04896888849437e+000,1.76523511236924e-002
6.33840810154481e+001	-4.04896527917318e+000,1.80593933871783e-002
6.48457007999800e+001	-4.04896150147970e+000,1.84758207896783e-002
6.63410251418757e+001	-4.04895754755985e+000,1.89018496688718e-002
6.78708312591224e+001	-4.04895340919316e+000,1.93377013453874e-002
6.94359142921442e+001	-4.04894907777576e+000,1.97836022373015e-002
7.10370877170887e+001	-4.04894454430247e+000,2.02397839772490e-002
7.26751837686433e+001	-4.04893979934810e+000,2.07064835322047e-002
7.43510538726029e+001	-4.04893483304784e+000,2.11839433259919e-002
7.60655690884109e+001	-4.04892963507677e+000,2.16724113645827e-002
7.78196205619063e+001	-4.04892419462843e+000,2.21721413642486e-002
7.96141199885104e+001	-4.04891850039234e+000,2.26833928826261e-002
8.14500000870945e+001	-4.04891254053048e+000,2.32064314527615e-002
8.33282150847752e+001	-4.04890630265274e+000,2.37415287202007e-002
8.52497412128886e+001	-4.04889977379115e+000,2.42889625831894e-002
8.72155772144016e+001	-4.04889294037293e+000,2.48490173360541e-002
8.92267448630241e+001	-4.04888578819231e+000,2.54219838158321e-002
9.12842894942919e+001	-4.04887830238102e+000,2.60081595522218e-002
9.33892805488956e+001	-4.04887046737738e+000,2.66078489209263e-002
9.55428121285394e+001	-4.04886226689398e+000,2.72213633004612e-002
9.77460035646171e+001	-4.04885368388386e+000,2.78490212325051e-002
1.00000000000000e+002	-4.04884470050512e+000,2.84911485858672e-002
