Freq.	V(v0)
1.00000000000000e-001	-4.51849679893519e-008,-1.83411401878903e-011
1.02305972984251e-001	-4.51849679893519e-008,-1.87640819256267e-011
1.04665121082543e-001	-4.51849679893519e-008,-1.91967765855743e-011
1.07078670498640e-001	-4.51849679893519e-008,-1.96394490674847e-011
1.09547875712233e-001	-4.51849679893519e-008,-2.00923294572366e-011
1.12074020130978e-001	-4.51849679893519e-008,-2.05556531464271e-011
1.14658416757562e-001	-4.51849679893519e-008,-2.10296609547200e-011
1.17302408872161e-001	-4.51849679893519e-008,-2.15145992550154e-011
1.20007370730629e-001	-4.51849679928202e-008,-2.20107201015059e-011
1.22774708278787e-001	-4.51849679928202e-008,-2.25182813606857e-011
1.25605859883189e-001	-4.51849679928202e-008,-2.30375468453806e-011
1.28502297078731e-001	-4.51849679928202e-008,-2.35687864518693e-011
1.31465525333508e-001	-4.51849679928202e-008,-2.41122763001652e-011
1.34497084831302e-001	-4.51849679928202e-008,-2.46682988775349e-011
1.37598551272117e-001	-4.51849679928202e-008,-2.52371431853250e-011
1.40771536691173e-001	-4.51849679928202e-008,-2.58191048891754e-011
1.44017690296786e-001	-4.51849679928202e-008,-2.64144864726951e-011
1.47338699327572e-001	-4.51849679928202e-008,-2.70235973946841e-011
1.50736289929412e-001	-4.51849679928202e-008,-2.76467542499782e-011
1.54212228052647e-001	-4.51849679928202e-008,-2.82842809340048e-011
1.57768320369952e-001	-4.51849679928202e-008,-2.89365088111326e-011
1.61406415215389e-001	-4.51849679928202e-008,-2.96037768869028e-011
1.65128403545104e-001	-4.51849679928202e-008,-3.02864319842325e-011
1.68936219920179e-001	-4.51849679928202e-008,-3.09848289236824e-011
1.72831843512153e-001	-4.51849679928202e-008,-3.16993307078790e-011
1.76817299131726e-001	-4.51849679928202e-008,-3.24303087101909e-011
1.80894658281186e-001	-4.51849679928202e-008,-3.31781428677570e-011
1.85066040231103e-001	-4.51849679928202e-008,-3.39432218789637e-011
1.89333613121855e-001	-4.51849679928202e-008,-3.47259434054768e-011
1.93699595090551e-001	-4.51849679928202e-008,-3.55267142789335e-011
1.98166255423942e-001	-4.51849679928202e-008,-3.63459507123976e-011
2.02735915737920e-001	-4.51849679928202e-008,-3.71840785166945e-011
2.07410951184210e-001	-4.51849679962885e-008,-3.80415333217320e-011
2.12193791684895e-001	-4.51849679962885e-008,-3.89187608029259e-011
2.17086923195407e-001	-4.51849679962885e-008,-3.98162169128465e-011
2.22092888996634e-001	-4.51849679962885e-008,-4.07343681182075e-011
2.27214291016839e-001	-4.51849679962885e-008,-4.16736916423185e-011
2.32453791184044e-001	-4.51849679997568e-008,-4.26346757131303e-011
2.37814112809615e-001	-4.51849679997568e-008,-4.36178198169982e-011
2.43298042003741e-001	-4.51849679997568e-008,-4.46236349582972e-011
2.48908429123558e-001	-4.51849679962885e-008,-4.56526439250263e-011
2.54648190254671e-001	-4.51849679962885e-008,-4.67053815605336e-011
2.60520308726827e-001	-4.51849680032252e-008,-4.77823950415104e-011
2.66527836664555e-001	-4.51849680032252e-008,-4.88842441623954e-011
2.72673896573548e-001	-4.51849680032252e-008,-5.00115016263356e-011
2.78961682963638e-001	-4.51849680032252e-008,-5.11647533428568e-011
2.85394464009191e-001	-4.51849680032252e-008,-5.23445987324018e-011
2.91975583247790e-001	-4.51849680032252e-008,-5.35516510378852e-011
2.98708461318093e-001	-4.51849680066935e-008,-5.47865376434389e-011
3.05596597737760e-001	-4.51849680066935e-008,-5.60499004005029e-011
3.12643572722382e-001	-4.51849680101618e-008,-5.73423959614380e-011
3.19853049046357e-001	-4.51849680101618e-008,-5.86646961208307e-011
3.27228773946669e-001	-4.51849680101618e-008,-6.00174881646699e-011
3.34774581070574e-001	-4.51849680101618e-008,-6.14014752275730e-011
3.42494392468201e-001	-4.51849680136302e-008,-6.28173766582520e-011
3.50392220631092e-001	-4.51849680136302e-008,-6.42659283934062e-011
3.58472170577761e-001	-4.51849680136302e-008,-6.57478833402361e-011
3.66738441987342e-001	-4.51849680066935e-008,-6.72640117677787e-011
3.75195331382433e-001	-4.51849680136302e-008,-6.88151017072664e-011
3.83847234362282e-001	-4.51849680136302e-008,-7.04019593617205e-011
3.92698647887470e-001	-4.51849680101618e-008,-7.20254095249847e-011
4.01754172617274e-001	-4.51849680136302e-008,-7.36862960104267e-011
4.11018515300929e-001	-4.51849680136302e-008,-7.53854820895218e-011
4.20496491224037e-001	-4.51849680136302e-008,-7.71238509405534e-011
4.30193026711386e-001	-4.51849680170985e-008,-7.89023061076556e-011
4.40113161687482e-001	-4.51849680170985e-008,-8.07217719704489e-011
4.50262052296127e-001	-4.51849680205668e-008,-8.25831942244956e-011
4.60644973580410e-001	-4.51849680309718e-008,-8.44875403728429e-011
4.71267322224483e-001	-4.51849680309718e-008,-8.64358002288985e-011
4.82134619358582e-001	-4.51849680344401e-008,-8.84289864308973e-011
4.93252513428712e-001	-4.51849680344401e-008,-9.04681349682403e-011
5.04626783132517e-001	-4.51849680309718e-008,-9.25543057199627e-011
5.16263340422847e-001	-4.51849680309718e-008,-9.46885830056255e-011
5.28168233580588e-001	-4.51849680413768e-008,-9.68720761489041e-011
5.40347650358352e-001	-4.51849680413768e-008,-9.91059200541804e-011
5.52807921196650e-001	-4.51849680448451e-008,-1.01391275796422e-010
5.65555522514243e-001	-4.51849680448451e-008,-1.03729331224674e-010
5.78597080074361e-001	-4.51849680517818e-008,-1.06121301579458e-010
5.91939372428540e-001	-4.51849680552501e-008,-1.08568430124414e-010
6.05589334439886e-001	-4.51849680587184e-008,-1.11071988792507e-010
6.19554060887574e-001	-4.51849680621868e-008,-1.13633278847132e-010
6.33840810154471e-001	-4.51849680656551e-008,-1.16253631558464e-010
6.48457007999789e-001	-4.51849680621868e-008,-1.18934408895412e-010
6.63410251418746e-001	-4.51849680725918e-008,-1.21677004233517e-010
6.78708312591213e-001	-4.51849680760601e-008,-1.24482843079185e-010
6.94359142921431e-001	-4.51849680829968e-008,-1.27353383810617e-010
7.10370877170875e-001	-4.51849680934017e-008,-1.30290118435817e-010
7.26751837686421e-001	-4.51849680934017e-008,-1.33294573368095e-010
7.43510538726017e-001	-4.51849681003384e-008,-1.36368310219434e-010
7.60655690884097e-001	-4.51849680968701e-008,-1.39512926612171e-010
7.78196205619051e-001	-4.51849681142117e-008,-1.42730057009383e-010
7.96141199885092e-001	-4.51849681176801e-008,-1.46021373564423e-010
8.14500000870932e-001	-4.51849681176801e-008,-1.49388586990048e-010
8.33282150847739e-001	-4.51849681211484e-008,-1.52833447447590e-010
8.52497412128873e-001	-4.51849681246167e-008,-1.56357745456628e-010
8.72155772144002e-001	-4.51849681350217e-008,-1.59963312825638e-010
8.92267448630227e-001	-4.51849681419584e-008,-1.63652023604106e-010
9.12842894942905e-001	-4.51849681523634e-008,-1.67425795056593e-010
9.33892805488942e-001	-4.51849681558317e-008,-1.71286588659262e-010
9.55428121285379e-001	-4.51849681697050e-008,-1.75236411119384e-010
9.77460035646155e-001	-4.51849681697050e-008,-1.79277315418364e-010
1.00000000000000e+000	-4.51849681766417e-008,-1.83411401878796e-010
1.02305972984251e+000	-4.51849681905150e-008,-1.87640819256153e-010
1.04665121082543e+000	-4.51849681974516e-008,-1.91967765855620e-010
1.07078670498640e+000	-4.51849682113250e-008,-1.96394490674715e-010
1.09547875712234e+000	-4.51849682182616e-008,-2.00923294572225e-010
1.12074020130978e+000	-4.51849682182616e-008,-2.05556531464121e-010
1.14658416757563e+000	-4.51849682390716e-008,-2.10296609547038e-010
1.17302408872162e+000	-4.51849682529449e-008,-2.15145992549981e-010
1.20007370730629e+000	-4.51849682564133e-008,-2.20107201014873e-010
1.22774708278787e+000	-4.51849682702866e-008,-2.25182813606658e-010
1.25605859883189e+000	-4.51849682876282e-008,-2.30375468453594e-010
1.28502297078731e+000	-4.51849682945649e-008,-2.35687864518465e-010
1.31465525333509e+000	-4.51849683084382e-008,-2.41122763001409e-010
1.34497084831303e+000	-4.51849683292482e-008,-2.46682988775087e-010
1.37598551272118e+000	-4.51849683465898e-008,-2.52371431852970e-010
1.40771536691173e+000	-4.51849683569948e-008,-2.58191048891454e-010
1.44017690296787e+000	-4.51849683708681e-008,-2.64144864726630e-010
1.47338699327573e+000	-4.51849683916781e-008,-2.70235973946497e-010
1.50736289929413e+000	-4.51849684090198e-008,-2.76467542499413e-010
1.54212228052647e+000	-4.51849684332981e-008,-2.82842809339650e-010
1.57768320369953e+000	-4.51849684471714e-008,-2.89365088110901e-010
1.61406415215390e+000	-4.51849684749180e-008,-2.96037768868572e-010
1.65128403545105e+000	-4.51849685061330e-008,-3.02864319841839e-010
1.68936219920180e+000	-4.51849685234747e-008,-3.09848289236304e-010
1.72831843512154e+000	-4.51849685546896e-008,-3.16993307078228e-010
1.76817299131727e+000	-4.51849685754996e-008,-3.24303087101309e-010
1.80894658281186e+000	-4.51849686067146e-008,-3.31781428676927e-010
1.85066040231103e+000	-4.51849686275246e-008,-3.39432218788948e-010
1.89333613121855e+000	-4.51849686587395e-008,-3.47259434054032e-010
1.93699595090551e+000	-4.51849686864862e-008,-3.55267142788548e-010
1.98166255423943e+000	-4.51849687246378e-008,-3.63459507123133e-010
2.02735915737920e+000	-4.51849687593211e-008,-3.71840785166043e-010
2.07410951184210e+000	-4.51849687905361e-008,-3.80415333216351e-010
2.12193791684896e+000	-4.51849688286877e-008,-3.89187608028221e-010
2.17086923195407e+000	-4.51849688737760e-008,-3.98162169127355e-010
2.22092888996635e+000	-4.51849689084593e-008,-4.07343681180890e-010
2.27214291016840e+000	-4.51849689466109e-008,-4.16736916421917e-010
2.32453791184045e+000	-4.51849689951675e-008,-4.26346757129944e-010
2.37814112809616e+000	-4.51849690437241e-008,-4.36178198168521e-010
2.43298042003741e+000	-4.51849690922808e-008,-4.46236349581411e-010
2.48908429123559e+000	-4.51849691443057e-008,-4.56526439248591e-010
2.54648190254672e+000	-4.51849692032673e-008,-4.67053815603541e-010
2.60520308726828e+000	-4.51849692518239e-008,-4.77823950413188e-010
2.66527836664556e+000	-4.51849693142539e-008,-4.88842441621900e-010
2.72673896573549e+000	-4.51849693801521e-008,-5.00115016261153e-010
2.78961682963639e+000	-4.51849694495187e-008,-5.11647533426212e-010
2.85394464009192e+000	-4.51849695119487e-008,-5.23445987321498e-010
2.91975583247791e+000	-4.51849695813153e-008,-5.35516510376151e-010
2.98708461318094e+000	-4.51849696506819e-008,-5.47865376431502e-010
3.05596597737761e+000	-4.51849697339218e-008,-5.60499004001939e-010
3.12643572722383e+000	-4.51849698171617e-008,-5.73423959611063e-010
3.19853049046358e+000	-4.51849699004016e-008,-5.86646961204757e-010
3.27228773946670e+000	-4.51849699836415e-008,-6.00174881642897e-010
3.34774581070575e+000	-4.51849700772865e-008,-6.14014752271660e-010
3.42494392468202e+000	-4.51849701778680e-008,-6.28173766578162e-010
3.50392220631093e+000	-4.51849702749813e-008,-6.42659283929402e-010
3.58472170577762e+000	-4.51849703824995e-008,-6.57478833397363e-010
3.66738441987343e+000	-4.51849705004227e-008,-6.72640117672430e-010
3.75195331382434e+000	-4.51849706079409e-008,-6.88151017066935e-010
3.83847234362283e+000	-4.51849707328008e-008,-7.04019593611067e-010
3.92698647887472e+000	-4.51849708576607e-008,-7.20254095243279e-010
4.01754172617275e+000	-4.51849709859889e-008,-7.36862960097234e-010
4.11018515300930e+000	-4.51849711385954e-008,-7.53854820887683e-010
4.20496491224039e+000	-4.51849712807969e-008,-7.71238509397463e-010
4.30193026711388e+000	-4.51849714438084e-008,-7.89023061067916e-010
4.40113161687483e+000	-4.51849715998833e-008,-8.07217719695229e-010
4.50262052296129e+000	-4.51849717559581e-008,-8.25831942235055e-010
4.60644973580411e+000	-4.51849719432479e-008,-8.44875403717825e-010
4.71267322224485e+000	-4.51849721270694e-008,-8.64358002277628e-010
4.82134619358584e+000	-4.51849723178276e-008,-8.84289864296805e-010
4.93252513428714e+000	-4.51849725224590e-008,-9.04681349669380e-010
5.04626783132518e+000	-4.51849727305588e-008,-9.25543057185688e-010
5.16263340422848e+000	-4.51849729594686e-008,-9.46885830041312e-010
5.28168233580590e+000	-4.51849731883784e-008,-9.68720761473053e-010
5.40347650358354e+000	-4.51849734311615e-008,-9.91059200524682e-010
5.52807921196652e+000	-4.51849736878179e-008,-1.01391275794588e-009
5.65555522514245e+000	-4.51849739514109e-008,-1.03729331222711e-009
5.78597080074363e+000	-4.51849742288773e-008,-1.06121301577356e-009
5.91939372428542e+000	-4.51849745236854e-008,-1.08568430122164e-009
6.05589334439888e+000	-4.51849748288984e-008,-1.11071988790098e-009
6.19554060887576e+000	-4.51849751445164e-008,-1.13633278844551e-009
6.33840810154473e+000	-4.51849754774761e-008,-1.16253631555700e-009
6.48457007999792e+000	-4.51849758277774e-008,-1.18934408892452e-009
6.63410251418748e+000	-4.51849761988887e-008,-1.21677004230348e-009
6.78708312591215e+000	-4.51849765769367e-008,-1.24482843075793e-009
6.94359142921434e+000	-4.51849769757946e-008,-1.27353383806983e-009
7.10370877170878e+000	-4.51849773919942e-008,-1.30290118431928e-009
7.26751837686424e+000	-4.51849778290038e-008,-1.33294573363927e-009
7.43510538726020e+000	-4.51849782937600e-008,-1.36368310214973e-009
7.60655690884100e+000	-4.51849787689212e-008,-1.39512926607395e-009
7.78196205619054e+000	-4.51849792648923e-008,-1.42730057004270e-009
7.96141199885095e+000	-4.51849797955468e-008,-1.46021373558944e-009
8.14500000870935e+000	-4.51849803539479e-008,-1.49388586984182e-009
8.33282150847742e+000	-4.51849809262224e-008,-1.52833447441309e-009
8.52497412128876e+000	-4.51849815366484e-008,-1.56357745449901e-009
8.72155772144005e+000	-4.51849821609478e-008,-1.59963312818438e-009
8.92267448630231e+000	-4.51849828199305e-008,-1.63652023596395e-009
9.12842894942908e+000	-4.51849835205331e-008,-1.67425795048336e-009
9.33892805488945e+000	-4.51849842419457e-008,-1.71286588650420e-009
9.55428121285382e+000	-4.51849850049783e-008,-1.75236411109915e-009
9.77460035646159e+000	-4.51849857957575e-008,-1.79277315408225e-009
1.00000000000001e+001	-4.51849866246884e-008,-1.83411401867940e-009
1.02305972984252e+001	-4.51849874952392e-008,-1.87640819244528e-009
1.04665121082544e+001	-4.51849884004733e-008,-1.91967765843175e-009
1.07078670498640e+001	-4.51849893438590e-008,-1.96394490661388e-009
1.09547875712234e+001	-4.51849903496747e-008,-2.00923294557953e-009
1.12074020130979e+001	-4.51849913901736e-008,-2.05556531448839e-009
1.14658416757563e+001	-4.51849924792292e-008,-2.10296609530675e-009
1.17302408872162e+001	-4.51849936272464e-008,-2.15145992532459e-009
1.20007370730630e+001	-4.51849948203519e-008,-2.20107200996111e-009
1.22774708278788e+001	-4.51849960724190e-008,-2.25182813586568e-009
1.25605859883190e+001	-4.51849973869160e-008,-2.30375468432082e-009
1.28502297078732e+001	-4.51849987534380e-008,-2.35687864495430e-009
1.31465525333509e+001	-4.51850001893266e-008,-2.41122762976742e-009
1.34497084831304e+001	-4.51850016911134e-008,-2.46682988748676e-009
1.37598551272118e+001	-4.51850032622669e-008,-2.52371431824692e-009
1.40771536691174e+001	-4.51850049097236e-008,-2.58191048861169e-009
1.44017690296787e+001	-4.51850066300152e-008,-2.64144864694201e-009
1.47338699327573e+001	-4.51850084370151e-008,-2.70235973911772e-009
1.50736289929414e+001	-4.51850103133815e-008,-2.76467542462236e-009
1.54212228052648e+001	-4.51850122903296e-008,-2.82842809299844e-009
1.57768320369953e+001	-4.51850143505175e-008,-2.89365088068271e-009
1.61406415215391e+001	-4.51850165182237e-008,-2.96037768822927e-009
1.65128403545105e+001	-4.51850187830431e-008,-3.02864319792960e-009
1.68936219920180e+001	-4.51850211519125e-008,-3.09848289183966e-009
1.72831843512154e+001	-4.51850236421733e-008,-3.16993307022188e-009
1.76817299131727e+001	-4.51850262295474e-008,-3.24303087041301e-009
1.80894658281187e+001	-4.51850289452497e-008,-3.31781428612672e-009
1.85066040231104e+001	-4.51850317962169e-008,-3.39432218720145e-009
1.89333613121856e+001	-4.51850347720440e-008,-3.47259433980355e-009
1.93699595090552e+001	-4.51850378761992e-008,-3.55267142709657e-009
1.98166255423944e+001	-4.51850411468343e-008,-3.63459507038657e-009
2.02735915737921e+001	-4.51850445596709e-008,-3.71840785075584e-009
2.07410951184211e+001	-4.51850481216457e-008,-3.80415333119493e-009
2.12193791684897e+001	-4.51850518743787e-008,-3.89187607924510e-009
2.17086923195408e+001	-4.51850557693131e-008,-3.98162169016307e-009
2.22092888996636e+001	-4.51850598688791e-008,-4.07343681061967e-009
2.27214291016841e+001	-4.51850641661398e-008,-4.16736916294573e-009
2.32453791184046e+001	-4.51850686472220e-008,-4.26346756993590e-009
2.37814112809617e+001	-4.51850733468090e-008,-4.36178198022522e-009
2.43298042003743e+001	-4.51850782579642e-008,-4.46236349425070e-009
2.48908429123560e+001	-4.51850834014974e-008,-4.56526439081184e-009
2.54648190254673e+001	-4.51850887912820e-008,-4.67053815424290e-009
2.60520308726829e+001	-4.51850944169131e-008,-4.77823950221246e-009
2.66527836664557e+001	-4.51851003304156e-008,-4.88842441416368e-009
2.72673896573550e+001	-4.51851064971061e-008,-5.00115016041073e-009
2.78961682963640e+001	-4.51851129551364e-008,-5.11647533190554e-009
2.85394464009193e+001	-4.51851197114430e-008,-5.23445987069156e-009
2.91975583247793e+001	-4.51851268007093e-008,-5.35516510105948e-009
2.98708461318096e+001	-4.51851342021253e-008,-5.47865376142167e-009
3.05596597737762e+001	-4.51851419607793e-008,-5.60499003692125e-009
3.12643572722385e+001	-4.51851503125177e-008,-5.73423959279200e-009
3.19853049046360e+001	-4.51851588064576e-008,-5.86646960849413e-009
3.27228773946671e+001	-4.51851676853821e-008,-6.00174881262402e-009
3.34774581070577e+001	-4.51851770013162e-008,-6.14014751864233e-009
3.42494392468204e+001	-4.51851867369182e-008,-6.28173766141899e-009
3.50392220631094e+001	-4.51851969372764e-008,-6.42659283462264e-009
3.58472170577764e+001	-4.51852075989225e-008,-6.57478832897173e-009
3.66738441987345e+001	-4.51852187600081e-008,-6.72640117136091e-009
3.75195331382436e+001	-4.51852304517482e-008,-6.88151016492670e-009
3.83847234362285e+001	-4.51852426845477e-008,-7.04019592996195e-009
3.92698647887473e+001	-4.51852554896217e-008,-7.20254094584918e-009
4.01754172617277e+001	-4.51852688912484e-008,-7.36862959392322e-009
4.11018515300932e+001	-4.51852829206428e-008,-7.53854820132919e-009
4.20496491224040e+001	-4.51852975951466e-008,-7.71238508589317e-009
4.30193026711390e+001	-4.51853129667847e-008,-7.89023060202615e-009
4.40113161687485e+001	-4.51853290563671e-008,-8.07217718768737e-009
4.50262052296131e+001	-4.51853458847037e-008,-8.25831941243010e-009
4.60644973580413e+001	-4.51853634968829e-008,-8.44875402655618e-009
4.71267322224487e+001	-4.51853819345246e-008,-8.64358001140288e-009
4.82134619358586e+001	-4.51854012357805e-008,-8.84289863079008e-009
4.93252513428716e+001	-4.51854214388021e-008,-9.04681348365430e-009
5.04626783132520e+001	-4.51854425817411e-008,-9.25543055789482e-009
5.16263340422851e+001	-4.51854647131542e-008,-9.46885828545298e-009
5.28168233580593e+001	-4.51854878781295e-008,-9.68720759871235e-009
5.40347650358356e+001	-4.51855121113505e-008,-9.91059198809582e-009
5.52807921196654e+001	-4.51855374925887e-008,-1.01391275610951e-008
5.65555522514248e+001	-4.51855640495907e-008,-1.03729331026084e-008
5.78597080074365e+001	-4.51855918378498e-008,-1.06121301366824e-008
5.91939372428544e+001	-4.51856209371376e-008,-1.08568429896741e-008
6.05589334439890e+001	-4.51856513925424e-008,-1.11071988548730e-008
6.19554060887579e+001	-4.51856832595574e-008,-1.13633278586112e-008
6.33840810154476e+001	-4.51857166110177e-008,-1.16253631278851e-008
6.48457007999795e+001	-4.51857515266947e-008,-1.18934408596025e-008
6.63410251418751e+001	-4.51857880620818e-008,-1.21677003912958e-008
6.78708312591218e+001	-4.51858263142922e-008,-1.24482842735956e-008
6.94359142921437e+001	-4.51858665781339e-008,-1.27353383443086e-008
7.10370877170881e+001	-4.51859084790274e-008,-1.30290118042292e-008
7.26751837686427e+001	-4.51859523256539e-008,-1.33294572946738e-008
7.43510538726023e+001	-4.51859982359367e-008,-1.36368309768120e-008
7.60655690884103e+001	-4.51860462688374e-008,-1.39512926128942e-008
7.78196205619057e+001	-4.51860965596208e-008,-1.42730056491982e-008
7.96141199885098e+001	-4.51861491845903e-008,-1.46021373010427e-008
8.14500000870939e+001	-4.51862042616690e-008,-1.49388586396871e-008
8.33282150847746e+001	-4.51862621480949e-008,-1.52833446812257e-008
8.52497412128879e+001	-4.51863224866301e-008,-1.56357744776368e-008
8.72155772144009e+001	-4.51863856449174e-008,-1.59963312097270e-008
8.92267448630234e+001	-4.51864517443485e-008,-1.63652022824228e-008
9.12842894942912e+001	-4.51865209340616e-008,-1.67425794221371e-008
9.33892805488949e+001	-4.51865938244826e-008,-1.71286587764903e-008
9.55428121285387e+001	-4.51866696074908e-008,-1.75236410161782e-008
9.77460035646163e+001	-4.51867489281954e-008,-1.79277314392840e-008
1.00000000000001e+002	-4.51868319634814e-008,-1.83411400780752e-008
1.02305972984252e+002	-4.51869188659552e-008,-1.87640818080459e-008
1.04665121082544e+002	-4.51870098263750e-008,-1.91967764596569e-008
1.07078670498641e+002	-4.51871050216256e-008,-1.96394489326633e-008
1.09547875712235e+002	-4.51872046702117e-008,-2.00923293128584e-008
1.12074020130979e+002	-4.51873094172428e-008,-2.05556529918309e-008
1.14658416757564e+002	-4.51874185621163e-008,-2.10296607891921e-008
1.17302408872163e+002	-4.51875328158396e-008,-2.15145990777578e-008
1.20007370730630e+002	-4.51876526362324e-008,-2.20107199117087e-008
1.22774708278788e+002	-4.51877777805116e-008,-2.25182811574421e-008
1.25605859883190e+002	-4.51879087689267e-008,-2.30375466277652e-008
1.28502297078732e+002	-4.51880458858807e-008,-2.35687862188382e-008
1.31465525333510e+002	-4.51881893810934e-008,-2.41122760506287e-008
1.34497084831304e+002	-4.51883395701828e-008,-2.46682986103532e-008
1.37598551272119e+002	-4.51884970115499e-008,-2.52371428992159e-008
1.40771536691175e+002	-4.51886615352468e-008,-2.58191045828348e-008
1.44017690296788e+002	-4.51888339910140e-008,-2.64144861446561e-008
1.47338699327574e+002	-4.51890142366503e-008,-2.70235970434177e-008
1.50736289929414e+002	-4.51892031149596e-008,-2.76467538738361e-008
1.54212228052649e+002	-4.51894005739171e-008,-2.82842805312648e-008
1.57768320369954e+002	-4.51896074702002e-008,-2.89365083798743e-008
1.61406415215391e+002	-4.51898242442869e-008,-2.96037764251030e-008
1.65128403545106e+002	-4.51900506325840e-008,-3.02864314897437e-008
1.68936219920181e+002	-4.51902878351337e-008,-3.09848283941862e-008
1.72831843512155e+002	-4.51905358345944e-008,-3.16993301409053e-008
1.76817299131728e+002	-4.51907954286819e-008,-3.24303081030880e-008
1.80894658281188e+002	-4.51910673630872e-008,-3.31781422176796e-008
1.85066040231105e+002	-4.51913519464916e-008,-3.39432211828727e-008
1.89333613121857e+002	-4.51916498240045e-008,-3.47259426601171e-008
1.93699595090553e+002	-4.51919615748370e-008,-3.55267134807795e-008
1.98166255423944e+002	-4.51922880903498e-008,-3.63459498577492e-008
2.02735915737922e+002	-4.51926293532013e-008,-3.71840776015706e-008
2.07410951184212e+002	-4.51929865530287e-008,-3.80415323418110e-008
2.12193791684898e+002	-4.51933608517224e-008,-3.89187597536533e-008
2.17086923195409e+002	-4.51937523776108e-008,-3.98162157892791e-008
2.22092888996637e+002	-4.51941621573193e-008,-4.07343669150908e-008
2.27214291016841e+002	-4.51945910232473e-008,-4.16736903540728e-008
2.32453791184047e+002	-4.51950399014387e-008,-4.26346743336849e-008
2.37814112809618e+002	-4.51955101757573e-008,-4.36178183398840e-008
2.43298042003744e+002	-4.51960016589131e-008,-4.46236333766336e-008
2.48908429123561e+002	-4.51965160746663e-008,-4.56526422314175e-008
2.54648190254674e+002	-4.51970551745232e-008,-4.67053797470321e-008
2.60520308726830e+002	-4.51976189307374e-008,-4.77823930996026e-008
2.66527836664558e+002	-4.51982092092703e-008,-4.88842420830425e-008
2.72673896573551e+002	-4.51988267696861e-008,-5.00114993998257e-008
2.78961682963641e+002	-4.51994733634914e-008,-5.11647509587112e-008
2.85394464009194e+002	-4.52001503259933e-008,-5.23445961794614e-008
2.91975583247794e+002	-4.52008583855410e-008,-5.35516483042315e-008
2.98708461318097e+002	-4.52015996786258e-008,-5.47865347162782e-008
3.05596597737763e+002	-4.52023757868060e-008,-5.60498972661352e-008
3.12643572722386e+002	-4.52031878234156e-008,-5.73423926052184e-008
3.19853049046361e+002	-4.52040374844678e-008,-5.86646925270129e-008
3.27228773946673e+002	-4.51900777757337e-008,-6.00174851104586e-008
3.34774581070578e+002	-4.51910090049684e-008,-6.14014719192462e-008
3.42494392468205e+002	-4.51919834218470e-008,-6.28173730769748e-008
3.50392220631096e+002	-4.51930037212616e-008,-6.42659245189518e-008
3.58472170577765e+002	-4.51940711310013e-008,-6.57478791509795e-008
3.66738441987346e+002	-4.51951885436530e-008,-6.72640072404278e-008
3.75195331382437e+002	-4.51963582795294e-008,-6.88150968170133e-008
3.83847234362287e+002	-4.51975823155787e-008,-7.04019540818514e-008
3.92698647887475e+002	-4.51988634229964e-008,-7.20254038268590e-008
4.01754172617279e+002	-4.52002042723965e-008,-7.36862898635159e-008
4.11018515300934e+002	-4.52016078534793e-008,-7.53854754609351e-008
4.20496491224042e+002	-4.52030771039204e-008,-7.71238437951309e-008
4.30193026711391e+002	-4.52046146145621e-008,-7.89022984077592e-008
4.40113161687487e+002	-4.52062235901412e-008,-8.07217636757507e-008
4.50262052296133e+002	-4.52079082758936e-008,-8.25831852916310e-008
4.60644973580415e+002	-4.52096712453200e-008,-8.44875307555146e-008
4.71267322224489e+002	-4.52115161956601e-008,-8.64357898774093e-008
4.82134619358588e+002	-4.52134476218694e-008,-8.84289752920525e-008
4.93252513428718e+002	-4.52154691032644e-008,-9.04681229850875e-008
5.04626783132523e+002	-4.52175845763995e-008,-9.25542928315132e-008
5.16263340422853e+002	-4.52197989177466e-008,-9.46885691463998e-008
5.28168233580595e+002	-4.52221167367160e-008,-9.68720612486501e-008
5.40347650358358e+002	-4.52245423791251e-008,-9.91059040381288e-008
5.52807921196656e+002	-4.52270813353402e-008,-1.01391258583989e-007
5.65555522514250e+002	-4.52297386587179e-008,-1.03729312729907e-007
5.78597080074367e+002	-4.52325201205591e-008,-1.06121281709916e-007
5.91939372428546e+002	-4.52354312424450e-008,-1.08568408781467e-007
6.05589334439893e+002	-4.52384783124578e-008,-1.11071965870114e-007
6.19554060887581e+002	-4.52416674521997e-008,-1.13633254232120e-007
6.33840810154478e+002	-4.52450050329926e-008,-1.16253605129250e-007
6.48457007999797e+002	-4.52484986816941e-008,-1.18934380521969e-007
6.63410251418754e+002	-4.52521549915993e-008,-1.21676973776513e-007
6.78708312591221e+002	-4.52559822277383e-008,-1.24482810389461e-007
6.94359142921439e+002	-4.52599878990453e-008,-1.27353348728324e-007
7.10370877170884e+002	-4.52641807769266e-008,-1.30290080789703e-007
7.26751837686430e+002	-4.52685686547195e-008,-1.33294532974861e-007
7.43510538726026e+002	-4.52731613443292e-008,-1.36368266882687e-007
7.60655690884106e+002	-4.52779686160412e-008,-1.39512880121704e-007
7.78196205619060e+002	-4.52830000077625e-008,-1.42730007139971e-007
7.96141199885101e+002	-4.52882657441297e-008,-1.46021320074727e-007
8.14500000870942e+002	-4.52937776798943e-008,-1.49388529621818e-007
8.33282150847749e+002	-4.52995465807525e-008,-1.52833385924180e-007
8.52497412128883e+002	-4.53055846586936e-008,-1.56357679481561e-007
8.72155772144012e+002	-4.53119044794770e-008,-1.59963242081774e-007
8.92267448630238e+002	-4.53185189418214e-008,-1.63651947751475e-007
9.12842894942915e+002	-4.53254420022865e-008,-1.67425713731275e-007
9.33892805488952e+002	-4.53326878151264e-008,-1.71286501471573e-007
9.55428121285390e+002	-4.53402719288642e-008,-1.75236317651746e-007
9.77460035646167e+002	-4.53482098399976e-008,-1.79277215223829e-007
1.00000000000002e+003	-4.53565180716505e-008,-1.83411294478741e-007
1.02305972984253e+003	-4.53652134070710e-008,-1.87640704137690e-007
1.04665121082544e+003	-4.53743153070583e-008,-1.91967642469918e-007
1.07078670498641e+003	-4.53838413074883e-008,-1.96394358433636e-007
1.09547875712235e+003	-4.53938116495343e-008,-2.00923152846320e-007
1.12074020130980e+003	-4.54042470599356e-008,-2.05556379579117e-007
1.14658416757564e+003	-4.54151692296275e-008,-2.10296446780884e-007
1.17302408872163e+003	-4.54266015420901e-008,-2.15145818128858e-007
1.20007370730631e+003	-4.54385666004292e-008,-2.20107014111113e-007
1.22774708278789e+003	-4.54510899523630e-008,-2.25182613333820e-007
1.25605859883191e+003	-4.54641978600853e-008,-2.30375253861891e-007
1.28502297078733e+003	-4.54779166447517e-008,-2.35687634591021e-007
1.31465525333510e+003	-4.54922761894926e-008,-2.41122516649302e-007
1.34497084831305e+003	-4.55073049692963e-008,-2.46682724832583e-007
1.37598551272119e+003	-4.55230350904928e-008,-2.52371149071008e-007
1.40771536691175e+003	-4.55394988189550e-008,-2.58190745933186e-007
1.44017690296788e+003	-4.55567312784597e-008,-2.64144540159744e-007
1.47338699327574e+003	-4.55747671245592e-008,-2.70235626237836e-007
1.50736289929415e+003	-4.55936443007826e-008,-2.76467170007145e-007
1.54212228052649e+003	-4.56134024986972e-008,-2.82842410305261e-007
1.57768320369955e+003	-4.56340820653845e-008,-2.89364660650890e-007
1.61406415215392e+003	-4.56557264555500e-008,-2.96037310967624e-007
1.65128403545107e+003	-4.56783808615319e-008,-3.02863829340876e-007
1.68936219920182e+003	-4.57020918942159e-008,-3.09847763823179e-007
1.72831843512156e+003	-4.57269090848210e-008,-3.16992744277389e-007
1.76817299131729e+003	-4.57528839831346e-008,-3.24302484261576e-007
1.80894658281188e+003	-4.57800705598380e-008,-3.31780782959463e-007
1.85066040231106e+003	-4.58085255394667e-008,-3.39431527153868e-007
1.89333613121858e+003	-4.58383080813236e-008,-3.47258693245882e-007
1.93699595090554e+003	-4.58694798106944e-008,-3.55266349321895e-007
1.98166255423945e+003	-4.59021057379545e-008,-3.63458657265361e-007
2.02735915737923e+003	-4.59362539186730e-008,-3.71839874919419e-007
2.07410951184213e+003	-4.59719952593865e-008,-3.80414358301863e-007
2.12193791684899e+003	-4.60094036147114e-008,-3.89186563862856e-007
2.17086923195410e+003	-4.60485569284257e-008,-3.98161050802737e-007
2.22092888996638e+003	-4.60895374901242e-008,-4.07342483442714e-007
2.27214291016842e+003	-4.61324293131621e-008,-4.16735633642578e-007
2.32453791184048e+003	-4.61773222064736e-008,-4.26345383283743e-007
2.37814112809619e+003	-4.62243092184130e-008,-4.36176726802901e-007
2.43298042003745e+003	-4.62734882460600e-008,-4.46234773788031e-007
2.48908429123562e+003	-4.63249619311693e-008,-4.56524751627971e-007
2.54648190254675e+003	-4.63788365294956e-008,-4.67052008233867e-007
2.60520308726831e+003	-4.64352246958622e-008,-4.77822014811160e-007
2.66527836664559e+003	-4.64942435973895e-008,-4.88840368703338e-007
2.72673896573552e+003	-4.65560152152399e-008,-5.00112796299270e-007
2.78961682963642e+003	-4.66206687897901e-008,-5.11645156004900e-007
2.85394464009195e+003	-4.66883384517622e-008,-5.23443441287616e-007
2.91975583247795e+003	-4.67443155794164e-008,-5.35513790870930e-007
2.98708461318098e+003	-4.68184463099068e-008,-5.47862463746293e-007
3.05596597737765e+003	-4.68960356485617e-008,-5.60495884445797e-007
3.12643572722387e+003	-4.69772436969574e-008,-5.73420618523994e-007
3.19853049046362e+003	-4.70622410275581e-008,-5.86643382890126e-007
3.27228773946674e+003	-4.71512033528928e-008,-6.00171049290306e-007
3.34774581070580e+003	-4.72443157569179e-008,-6.14010647882189e-007
3.42494392468206e+003	-4.73417717342898e-008,-6.28169370878343e-007
3.50392220631097e+003	-4.74437744667104e-008,-6.42654576279186e-007
3.58472170577767e+003	-4.75505357269346e-008,-6.57473791697560e-007
3.66738441987348e+003	-4.76622770614710e-008,-6.72634718257774e-007
3.75195331382439e+003	-4.77792314102919e-008,-6.88145234597685e-007
3.83847234362288e+003	-4.79016422674974e-008,-7.04013400952346e-007
3.92698647887477e+003	-4.80297630500796e-008,-7.20247463338121e-007
4.01754172617280e+003	-4.81638608992117e-008,-7.36855857833422e-007
4.11018515300935e+003	-4.82893650211159e-008,-7.53847224922280e-007
4.20496491224044e+003	-4.84362662204541e-008,-7.71230374312599e-007
4.30193026711393e+003	-4.85900207460165e-008,-7.89014348668871e-007
4.40113161687489e+003	-4.87509478610381e-008,-8.07208389081651e-007
4.50262052296135e+003	-4.89193821969238e-008,-8.25821949611855e-007
4.60644973580417e+003	-4.90956744434456e-008,-8.44864702188170e-007
4.71267322224491e+003	-4.92801906724187e-008,-8.64346541625068e-007
4.82134619358590e+003	-4.94733140892082e-008,-8.84277590749351e-007
4.93252513428720e+003	-4.96754478177976e-008,-9.04668205647249e-007
5.04626783132524e+003	-4.98870100277853e-008,-9.25528981032833e-007
5.16263340422855e+003	-5.01084426676397e-008,-9.46870755736571e-007
5.28168233580597e+003	-5.03402044343943e-008,-9.68704618321236e-007
5.40347650358360e+003	-5.05827787785527e-008,-9.91041912822918e-007
5.52807921196658e+003	-5.08366687987077e-008,-1.01389424463400e-006
5.65555522514252e+003	-5.11024030232468e-008,-1.03727348650682e-006
5.78597080074369e+003	-5.13508348632821e-008,-1.06119181277942e-006
5.91939372428549e+003	-5.16419401290903e-008,-1.08566159399903e-006
6.05589334439895e+003	-5.19466256822156e-008,-1.11069556989314e-006
6.19554060887584e+003	-5.22655253356677e-008,-1.13630674555031e-006
6.33840810154481e+003	-5.25993014710896e-008,-1.16250842559928e-006
6.48457007999800e+003	-5.29337984191083e-008,-1.18931423681140e-006
6.63410251418757e+003	-5.32994421002441e-008,-1.21673807256871e-006
6.78708312591224e+003	-5.36821428266320e-008,-1.24479419340214e-006
6.94359142921442e+003	-5.40826965106158e-008,-1.27349717247227e-006
7.10370877170887e+003	-5.45019360785561e-008,-1.30286191848754e-006
7.26751837686433e+003	-5.49407328928453e-008,-1.33290368340377e-006
7.43510538726029e+003	-5.53999991554602e-008,-1.36363807029847e-006
7.60655690884109e+003	-5.58806902698950e-008,-1.39508104143660e-006
7.78196205619063e+003	-5.63541061149640e-008,-1.42724896426440e-006
7.96141199885104e+003	-5.68806914642338e-008,-1.46015846964395e-006
8.14500000870945e+003	-5.74169916367495e-008,-1.49382670424130e-006
8.33282150847752e+003	-5.79938518186227e-008,-1.52827111224814e-006
8.52497412128886e+003	-5.85976225189497e-008,-1.56350959851398e-006
8.72155772144016e+003	-5.92147085539366e-008,-1.59956048124639e-006
8.92267448630241e+003	-5.98761234138711e-008,-1.63644243657393e-006
9.12842894942919e+003	-6.05535430971347e-008,-1.67417465583782e-006
9.33892805488956e+003	-6.12929549354731e-008,-1.71277666152177e-006
9.55428121285394e+003	-6.20364675363193e-008,-1.75226858265780e-006
9.77460035646171e+003	-6.28302061946455e-008,-1.79267085145746e-006
1.00000000000002e+004	-6.36461215866875e-008,-1.83400448634788e-006
1.02305972984253e+004	-6.45156400068252e-008,-1.87629089294909e-006
1.04665121082545e+004	-6.54108707241469e-008,-1.91955206705536e-006
1.07078670498642e+004	-6.63634035786604e-008,-1.96381040948375e-006
1.09547875712235e+004	-6.73455207218257e-008,-2.00908893853202e-006
1.12074020130980e+004	-6.83741437952960e-008,-2.05541112334915e-006
1.14658416757565e+004	-6.94662916198594e-008,-2.10280097030632e-006
1.17302408872164e+004	-7.05945357028026e-008,-2.15128312053895e-006
1.20007370730631e+004	-7.17761013692756e-008,-2.20088269749503e-006
1.22774708278789e+004	-7.30134759563397e-008,-2.25162542916870e-006
1.25605859883191e+004	-7.43092619981652e-008,-2.30353763402635e-006
1.28502297078734e+004	-7.56810348160085e-008,-2.35664620326050e-006
1.31465525333511e+004	-7.71019453086015e-008,-2.41097873849215e-006
1.34497084831305e+004	-7.86046775740331e-008,-2.46656334821620e-006
1.37598551272120e+004	-8.01775059276885e-008,-2.52342888110965e-006
1.40771536691176e+004	-8.17940006656869e-008,-2.58160488357314e-006
1.44017690296789e+004	-8.34872821430562e-008,-2.64112144406081e-006
1.47338699327575e+004	-8.52757810093562e-008,-2.70200937136203e-006
1.50736289929415e+004	-8.71483962331223e-008,-2.76430025054370e-006
1.54212228052650e+004	-8.91090504365022e-008,-2.82802635489011e-006
1.57768320369955e+004	-9.11470005058031e-008,-2.89322073463222e-006
1.61406415215393e+004	-9.32962422510748e-008,-2.95991708134118e-006
1.65128403545107e+004	-9.55612739262406e-008,-3.02814993192057e-006
1.68936219920182e+004	-9.78874039227796e-008,-3.09795477677447e-006
1.72831843512156e+004	-1.00353807573772e-007,-3.16936755126314e-006
1.76817299131729e+004	-1.02935941013818e-007,-3.24242529760957e-006
1.80894658281189e+004	-1.05624352912162e-007,-3.31716586577544e-006
1.85066040231106e+004	-1.08439540335441e-007,-3.39362788278085e-006
1.89333613121858e+004	-1.11387415086641e-007,-3.47185089972215e-006
1.93699595090554e+004	-1.14474164062803e-007,-3.55187536942577e-006
1.98166255423946e+004	-1.17721112123795e-007,-3.63374261852648e-006
2.02735915737924e+004	-1.21105338319015e-007,-3.71749505906268e-006
2.07410951184214e+004	-1.24663633734711e-007,-3.80317587392608e-006
2.12193791684899e+004	-1.28358874716887e-007,-3.89082947886048e-006
2.17086923195411e+004	-1.32228529498114e-007,-3.98050104659819e-006
2.22092888996638e+004	-1.36295578160552e-007,-4.07223682283321e-006
2.27214291016843e+004	-1.40538833876924e-007,-4.16608426477624e-006
2.32453791184049e+004	-1.44982052074538e-007,-4.26209174458268e-006
2.37814112809620e+004	-1.49634554784810e-007,-4.36030878476441e-006
2.43298042003745e+004	-1.54520948386319e-007,-4.46078597042076e-006
2.48908429123563e+004	-1.59621743358792e-007,-4.56357520847582e-006
2.54648190254676e+004	-1.64947627586238e-007,-4.66872946418171e-006
2.60520308726832e+004	-1.70539482415310e-007,-4.77630277286384e-006
2.66527836664560e+004	-1.76394164418855e-007,-4.88635057453088e-006
2.72673896573553e+004	-1.82509073122889e-007,-4.99892956337018e-006
2.78961682963643e+004	-1.88911878766189e-007,-5.11409757948911e-006
2.85394464009196e+004	-1.95615998565605e-007,-5.23191382865711e-006
2.91975583247796e+004	-2.02650323209709e-007,-5.35243877592792e-006
2.98708461318099e+004	-2.09970151804994e-007,-5.47573460053876e-006
3.05596597737766e+004	-2.17665109256134e-007,-5.60186422793404e-006
3.12643572722388e+004	-2.25691894591619e-007,-5.73089264888713e-006
3.19853049046363e+004	-2.34126748268050e-007,-5.86288570661681e-006
3.27228773946675e+004	-2.42927901778140e-007,-5.99791132714517e-006
3.34774581070581e+004	-2.52158350480980e-007,-6.13603840313587e-006
3.42494392468207e+004	-2.61807703190843e-007,-6.27733775811019e-006
3.50392220631098e+004	-2.71911012691314e-007,-6.42188154444263e-006
3.58472170577768e+004	-2.82474574063579e-007,-6.56974368160844e-006
3.66738441987349e+004	-2.93550212268667e-007,-6.72099946320408e-006
3.75195331382440e+004	-3.05131385151975e-007,-6.87572619659620e-006
3.83847234362289e+004	-3.17257173768034e-007,-7.03400262524185e-006
3.92698647887478e+004	-3.29938088380739e-007,-7.19590940733616e-006
4.01754172617282e+004	-3.43230362638892e-007,-7.36152868390976e-006
4.11018515300937e+004	-3.57102370829550e-007,-7.53094497728487e-006
4.20496491224045e+004	-3.71657417803693e-007,-7.70424376354455e-006
4.30193026711394e+004	-3.86896213549260e-007,-7.88151307351024e-006
4.40113161687490e+004	-4.02820883576733e-007,-8.06284286208590e-006
4.50262052296136e+004	-4.19494421902961e-007,-8.24832460796784e-006
4.60644973580419e+004	-4.36936825596674e-007,-8.43805208230326e-006
4.71267322224492e+004	-4.55214250296732e-007,-8.63212073615674e-006
4.82134619358592e+004	-4.74320303902358e-007,-8.83062863327019e-006
4.93252513428722e+004	-4.94324603927742e-007,-9.03367535590320e-006
5.04626783132526e+004	-5.15254073706818e-007,-9.24136295312286e-006
5.16263340422856e+004	-5.37167270111015e-007,-9.45379539194603e-006
5.28168233580599e+004	-5.60095078455020e-007,-9.67107907775387e-006
5.40347650358362e+004	-5.84085350329113e-007,-9.89332252594562e-006
5.52807921196660e+004	-6.09203001638444e-007,-1.01206363832536e-005
5.65555522514254e+004	-6.35485569278111e-007,-1.03531338595804e-005
5.78597080074371e+004	-6.63017557649265e-007,-1.05909300921351e-005
5.91939372428551e+004	-6.91782072634921e-007,-1.08341435684508e-005
6.05589334439897e+004	-7.21928196119090e-007,-1.10828936307189e-005
6.19554060887586e+004	-7.53459306040051e-007,-1.13373034828521e-005
6.33840810154483e+004	-7.86441070188318e-007,-1.15974982395566e-005
6.48457007999802e+004	-8.20986731622843e-007,-1.18636050476689e-005
6.63410251418759e+004	-8.57123618996994e-007,-1.21357545110992e-005
6.78708312591226e+004	-8.94941765607820e-007,-1.24140791831257e-005
6.94359142921445e+004	-9.34519824450983e-007,-1.26987143634708e-005
7.10370877170889e+004	-9.75940073117640e-007,-1.29897979716833e-005
7.26751837686435e+004	-1.01930342339786e-006,-1.32874703961463e-005
7.43510538726031e+004	-1.06465536233760e-006,-1.35918753987557e-005
7.60655690884112e+004	-1.11213459868781e-006,-1.39031583737882e-005
7.78196205619066e+004	-1.16179508904507e-006,-1.42214685068719e-005
7.96141199885107e+004	-1.21378439313705e-006,-1.45469566024197e-005
8.14500000870948e+004	-1.26818056688988e-006,-1.48797771393912e-005
8.33282150847755e+004	-1.32511114752231e-006,-1.52200867761489e-005
8.52497412128889e+004	-1.38467914446337e-006,-1.55680453235861e-005
8.72155772144019e+004	-1.44702265418587e-006,-1.59238149491762e-005
8.92267448630244e+004	-1.51224087542663e-006,-1.62875612105871e-005
9.12842894942922e+004	-1.58051312542628e-006,-1.66594513536093e-005
9.33892805488960e+004	-1.65192095778985e-006,-1.70396568942355e-005
9.55428121285397e+004	-1.72665627055585e-006,-1.74283505395650e-005
9.77460035646174e+004	-1.80485829847518e-006,-1.78257085915556e-005
1.00000000000002e+005	-1.88667328674381e-006,-1.82319100557644e-005
1.02305972984253e+005	-1.97229933933839e-006,-1.86471358643472e-005
1.04665121082545e+005	-2.06186798541440e-006,-1.90715707804395e-005
1.07078670498642e+005	-2.15560780103941e-006,-1.95054006367908e-005
1.09547875712236e+005	-2.25366663624725e-006,-1.99488152892953e-005
1.12074020130981e+005	-2.35629009952910e-006,-2.04020054690421e-005
1.14658416757565e+005	-2.46364382242529e-006,-2.08651658565784e-005
1.17302408872164e+005	-2.57596228141989e-006,-2.13384923383924e-005
1.20007370730632e+005	-2.69346015594333e-006,-2.18221835255561e-005
1.22774708278790e+005	-2.81640696242004e-006,-2.23164392190379e-005
1.25605859883192e+005	-2.94500876716525e-006,-2.28214626176365e-005
1.28502297078734e+005	-3.07957190338302e-006,-2.33374569240727e-005
1.31465525333511e+005	-3.22034019546604e-006,-2.38646284823714e-005
1.34497084831306e+005	-3.36758450460732e-006,-2.44031848277844e-005
1.37598551272120e+005	-3.52164776352397e-006,-2.49533334613684e-005
1.40771536691176e+005	-3.68275259304670e-006,-2.55152859206335e-005
1.44017690296789e+005	-3.85131348841499e-006,-2.60892505696817e-005
1.47338699327575e+005	-4.02762576570033e-006,-2.66754393690035e-005
1.50736289929416e+005	-4.21204422905406e-006,-2.72740635750110e-005
1.54212228052650e+005	-4.40495410514907e-006,-2.78853340630772e-005
1.57768320369956e+005	-4.60666782615389e-006,-2.85094636277780e-005
1.61406415215393e+005	-4.81767790566519e-006,-2.91466602409607e-005
1.65128403545108e+005	-5.03834605632779e-006,-2.97971345710201e-005
1.68936219920183e+005	-5.26912643592547e-006,-3.04610938710658e-005
1.72831843512157e+005	-5.51047735182476e-006,-3.11387438018457e-005
1.76817299131730e+005	-5.76283234759303e-006,-3.18302888346111e-005
1.80894658281190e+005	-6.02674930100334e-006,-3.25359274821344e-005
1.85066040231107e+005	-6.30271838150875e-006,-3.32558571925160e-005
1.89333613121859e+005	-6.59123703714050e-006,-3.39902717295417e-005
1.93699595090555e+005	-6.89289981127025e-006,-3.47393577416966e-005
1.98166255423947e+005	-7.20829537255698e-006,-3.55032971262168e-005
2.02735915737924e+005	-7.53803705596754e-006,-3.62822653693058e-005
2.07410951184215e+005	-7.88271927601472e-006,-3.70764322073671e-005
2.12193791684900e+005	-8.24303705847060e-006,-3.78859567908742e-005
2.17086923195412e+005	-8.61965352864014e-006,-3.87109911491648e-005
2.22092888996639e+005	-9.01330463933387e-006,-3.95516756279403e-005
2.27214291016844e+005	-9.42469636252212e-006,-4.04081414382041e-005
2.32453791184050e+005	-9.85465389763629e-006,-4.12805040973599e-005
2.37814112809621e+005	-1.03039447834285e-005,-4.21688686686979e-005
2.43298042003746e+005	-1.07733984791293e-005,-4.30733240850927e-005
2.48908429123564e+005	-1.12639073485764e-005,-4.39939415696896e-005
2.54648190254677e+005	-1.17763832048877e-005,-4.49307747948234e-005
2.60520308726833e+005	-1.23117286916976e-005,-4.58838595539460e-005
2.66527836664561e+005	-1.28709271767944e-005,-4.68532083606350e-005
2.72673896573554e+005	-1.34550140944237e-005,-4.78388096828054e-005
2.78961682963644e+005	-1.40649890631223e-005,-4.88406299137666e-005
2.85394464009197e+005	-1.47019945596050e-005,-4.98586033878503e-005
2.91975583247797e+005	-1.53671243309639e-005,-5.08926387510229e-005
2.98708461318100e+005	-1.60615279625714e-005,-5.19426120208822e-005
3.05596597737767e+005	-1.67864561311106e-005,-5.30083617958109e-005
3.12643572722390e+005	-1.75431133961860e-005,-5.40896937937022e-005
3.19853049046365e+005	-1.83328365649599e-005,-5.51863693152684e-005
3.27228773946677e+005	-1.91569325976422e-005,-5.62981104271089e-005
3.34774581070582e+005	-2.00167828117317e-005,-5.74245916406321e-005
3.42494392468209e+005	-2.09138286016251e-005,-5.85654372742187e-005
3.50392220631100e+005	-2.18495275013014e-005,-5.97202204256960e-005
3.58472170577770e+005	-2.28254126566823e-005,-6.08884560843931e-005
3.66738441987351e+005	-2.38430043196221e-005,-6.20696024088401e-005
3.75195331382441e+005	-2.49039281662874e-005,-6.32630499276125e-005
3.83847234362291e+005	-2.60098560387334e-005,-6.44681206495027e-005
3.92698647887480e+005	-2.71624465919810e-005,-6.56840674582533e-005
4.01754172617283e+005	-2.83634777758116e-005,-6.69100613229737e-005
4.11018515300938e+005	-2.96146984504405e-005,-6.81451958679089e-005
4.20496491224047e+005	-3.09179751317281e-005,-6.93884729355437e-005
4.30193026711396e+005	-3.22751136909508e-005,-7.06388092669325e-005
4.40113161687492e+005	-3.36880940212176e-005,-7.18950151932621e-005
4.50262052296138e+005	-3.51588027037076e-005,-7.31558074858817e-005
4.60644973580420e+005	-3.66892669593225e-005,-7.44197872127871e-005
4.71267322224494e+005	-3.82814752407806e-005,-7.56854466010460e-005
4.82134619358594e+005	-3.99374923775414e-005,-7.69511545415789e-005
4.93252513428724e+005	-4.16593679388361e-005,-7.82151572055572e-005
5.04626783132528e+005	-4.34492209701032e-005,-7.94755650692180e-005
5.16263340422859e+005	-4.53091769400797e-005,-8.07303511728019e-005
5.28168233580601e+005	-4.72413484523503e-005,-8.19773461760676e-005
5.40347650358364e+005	-4.92478742713904e-005,-8.32142284209144e-005
5.52807921196662e+005	-5.13309282987087e-005,-8.44385161081787e-005
5.65555522514256e+005	-5.34926104396055e-005,-8.56475700121251e-005
5.78597080074374e+005	-5.57350866891531e-005,-8.68385742309790e-005
5.91939372428553e+005	-5.80604640826610e-005,-8.80085404251818e-005
6.05589334439900e+005	-6.04708412913528e-005,-8.91542964956610e-005
6.19554060887588e+005	-6.29682704336335e-005,-9.02724834832475e-005
6.33840810154485e+005	-6.55547622179117e-005,-9.13595486219732e-005
6.48457007999804e+005	-6.82323049592373e-005,-9.24117369901082e-005
6.63410251418761e+005	-7.10027510996851e-005,-9.34250971373304e-005
6.78708312591229e+005	-7.38679080497833e-005,-9.43954662951394e-005
6.94359142921447e+005	-7.68295694592045e-005,-9.53184612027286e-005
7.10370877170892e+005	-7.98892827743914e-005,-9.61894987145252e-005
7.26751837686438e+005	-8.30486275901838e-005,-9.70037609491299e-005
7.43510538726034e+005	-8.63089235012064e-005,-9.77562243997453e-005
7.60655690884114e+005	-8.96714337553677e-005,-9.84416339169020e-005
7.78196205619069e+005	-9.31372033784477e-005,-9.90545194239367e-005
7.96141199885110e+005	-9.67071445994174e-005,-9.95891845545789e-005
8.14500000870951e+005	-1.00381917796411e-004,-1.00039721127649e-004
8.33282150847758e+005	-1.04162001172118e-004,-1.00400001470670e-004
8.52497412128892e+005	-1.08047629024950e-004,-1.00663688249881e-004
8.72155772144022e+005	-1.12038787857298e-004,-1.00824238364626e-004
8.92267448630248e+005	-1.16135226623499e-004,-1.00874905990636e-004
9.12842894942926e+005	-1.20336350998433e-004,-1.00808763301529e-004
9.33892805488963e+005	-1.24641277014450e-004,-1.00618700877779e-004
9.55428121285401e+005	-1.29048783367994e-004,-1.00297443677149e-004
9.77460035646178e+005	-1.33557350600842e-004,-9.98375559035619e-005
1.00000000000000e+006	-1.38165013196991e-004,-9.92314759118109e-005
