Freq.	V(vo)	V(vo1)	V(vo2)	Ib(Q3)
1.00000000000000e+002	-1.48657218898362e+001,2.40321410026124e-001	4.67672229183036e-003,-3.99622711411618e-005	-1.48663776530295e+001,2.40313798008819e-001	2.44617690355128e-008,8.11299899122948e-012
1.02305972984251e+002	-1.48655408893508e+001,2.45860166460631e-001	4.67669224857854e-003,-4.08832939676611e-005	-1.48661966582930e+001,2.45852379007243e-001	2.44617690509732e-008,8.30008231221467e-012
1.04665121082543e+002	-1.48653514496659e+001,2.51526433523635e-001	4.67666080471798e-003,-4.18255202126676e-005	-1.48660072246249e+001,2.51518466595376e-001	2.44617690673620e-008,8.49147970546649e-012
1.07078670498640e+002	-1.48651531775621e+001,2.57323136608069e-001	4.67662789476377e-003,-4.27894363332523e-005	-1.48658089588185e+001,2.57314986073493e-001	2.44617690843569e-008,8.68729065201996e-012
1.09547875712233e+002	-1.48649456614582e+001,2.63253267505121e-001	4.67659345063938e-003,-4.37755398358740e-005	-1.48656014493056e+001,2.63244929138022e-001	2.44617691022166e-008,8.88761692776302e-012
1.12074020130978e+002	-1.48647284707048e+001,2.69319885865669e-001	4.67655740048863e-003,-4.47843395009226e-005	-1.48653842654504e+001,2.69311355342929e-001	2.44617691207713e-008,9.09256265024173e-012
1.14658416757562e+002	-1.48645011545698e+001,2.75526120680637e-001	4.67651966942444e-003,-4.58163556446145e-005	-1.48651569565353e+001,2.75517393580033e-001	2.44617691405338e-008,9.30223434271927e-012
1.17302408872161e+002	-1.48642632411660e+001,2.81875171788823e-001	4.67648018026540e-003,-4.68721203878154e-005	-1.48649190506879e+001,2.81866243586782e-001	2.44617691607733e-008,9.51674098383936e-012
1.20007370730629e+002	-1.48640142370508e+001,2.88370311440170e-001	4.67643884965467e-003,-4.79521778445453e-005	-1.48646700544814e+001,2.88361177509474e-001	2.44617691822566e-008,9.73619406562345e-012
1.22774708278787e+002	-1.48637536255969e+001,2.95014885844675e-001	4.67639559191007e-003,-4.90570844558063e-005	-1.48644094513049e+001,2.95005541452121e-001	2.44617692045572e-008,9.96070764708552e-012
1.25605859883189e+002	-1.48634808659804e+001,3.01812316774210e-001	4.67635031839582e-003,-5.01874092498952e-005	-1.48641367003516e+001,3.01802757078216e-001	2.44617692279726e-008,1.01903984210937e-011
1.28502297078731e+002	-1.48631953925210e+001,3.08766103210202e-001	4.67630293451669e-003,-5.13437340588157e-005	-1.48638512359592e+001,3.08756323258360e-001	2.44617692526374e-008,1.04253857671466e-011
1.31465525333508e+002	-1.48628966130439e+001,3.15879822984945e-001	4.67625334249516e-003,-5.25266538517422e-005	-1.48635524659717e+001,3.15869817711527e-001	2.44617692781339e-008,1.06657918280750e-011
1.34497084831302e+002	-1.48625839081095e+001,3.23157134489252e-001	4.67620143834655e-003,-5.37367769590029e-005	-1.48632397709692e+001,3.23146898712655e-001	2.44617693049933e-008,1.09117415509792e-011
1.37598551272117e+002	-1.48622566291046e+001,3.30601778365406e-001	4.67614711567893e-003,-5.49747254410484e-005	-1.48629125023592e+001,3.30591306785550e-001	2.44617693331737e-008,1.11633627652645e-011
1.40771536691173e+002	-1.48619140975893e+001,3.38217579284918e-001	4.67609026116243e-003,-5.62411352895759e-005	-1.48625699817231e+001,3.38206866480582e-001	2.44617693626255e-008,1.14207862566187e-011
1.44017690296786e+002	-1.48615556035022e+001,3.46008447710992e-001	4.67603075682322e-003,-5.75366567760441e-005	-1.48622114990223e+001,3.45997488137101e-001	2.44617693933160e-008,1.16841458159641e-011
1.47338699327572e+002	-1.48611804036358e+001,3.53978381703968e-001	4.67596848024803e-003,-5.88619547643193e-005	-1.48618363110727e+001,3.53967169688813e-001	2.44617694255291e-008,1.19535783298789e-011
1.50736289929412e+002	-1.48607877205257e+001,3.62131468779236e-001	4.67590330165402e-003,-6.02177089557055e-005	-1.48614436404347e+001,3.62119998521646e-001	2.44617694593249e-008,1.22292238354305e-011
1.54212228052647e+002	-1.48603767405572e+001,3.70471887762454e-001	4.67583508555751e-003,-6.16046142424262e-005	-1.48610326735194e+001,3.70460153328902e-001	2.44617694947300e-008,1.25112255931833e-011
1.57768320369952e+002	-1.48599466121352e+001,3.79003910679146e-001	4.67576369153730e-003,-6.30233810498381e-005	-1.48606025587589e+001,3.78991906000797e-001	2.44617695316615e-008,1.27997301757468e-011
1.61406415215389e+002	-1.48594964443725e+001,3.87731904702945e-001	4.67568897111806e-003,-6.44747355888525e-005	-1.48601524052941e+001,3.87719623572644e-001	2.44617695703387e-008,1.30948875342280e-011
1.65128403545104e+002	-1.48590253048809e+001,3.96660334092496e-001	4.67561076999734e-003,-6.59594202428791e-005	-1.48596812807665e+001,3.96647770161693e-001	2.44617696107278e-008,1.33968510733907e-011
1.68936219920179e+002	-1.48585322181540e+001,4.05793762190570e-001	4.67552892579287e-003,-6.74781938493489e-005	-1.48591882097007e+001,4.05780908966179e-001	2.44617696530472e-008,1.37057777364815e-011
1.72831843512153e+002	-1.48580161633839e+001,4.15136853426367e-001	4.67544326905495e-003,-6.90318320683536e-005	-1.48586721713212e+001,4.15123704267572e-001	2.44617696975961e-008,1.40218280886451e-011
1.76817299131726e+002	-1.48574760723494e+001,4.24694375353449e-001	4.67535362291192e-003,-7.06211277229744e-005	-1.48581320974407e+001,4.24680923468429e-001	2.44617697440334e-008,1.43451663898293e-011
1.80894658281185e+002	-1.48569108273967e+001,4.34471200724159e-001	4.67525980182280e-003,-7.22468911191216e-005	-1.48575668704409e+001,4.34457439166764e-001	2.44617697923608e-008,1.46759606962043e-011
1.85066040231103e+002	-1.48563192591422e+001,4.44472309580977e-001	4.67516161119323e-003,-7.39099503918934e-005	-1.48569753209753e+001,4.44458231247327e-001	2.44617698431417e-008,1.50143829340337e-011
1.89333613121855e+002	-1.48557001438545e+001,4.54702791358958e-001	4.67505884862039e-003,-7.56111519051275e-005	-1.48563562253515e+001,4.54688388983979e-001	2.44617698963062e-008,1.53606089986214e-011
1.93699595090551e+002	-1.48550522013809e+001,4.65167847050807e-001	4.67495130064843e-003,-7.73513605249939e-005	-1.48557083034575e+001,4.65153113204698e-001	2.44617699521489e-008,1.57148188267382e-011
1.98166255423942e+002	-1.48543740920092e+001,4.75872791337295e-001	4.67483874590912e-003,-7.91314600856993e-005	-1.48550302156233e+001,4.75857718421929e-001	2.44617700103147e-008,1.60771965268628e-011
2.02735915737920e+002	-1.48536644143106e+001,4.86823054805668e-001	4.67472095095009e-003,-8.09523536407904e-005	-1.48543205604650e+001,4.86807635050920e-001	2.44617700712998e-008,1.64479304312939e-011
2.07410951184210e+002	-1.48529217017923e+001,4.98024186121930e-001	4.67459767303324e-003,-8.28149639302655e-005	-1.48535778715363e+001,4.98008411581940e-001	2.44617701349700e-008,1.68272132194595e-011
2.12193791684895e+002	-1.48521444202711e+001,5.09481854274057e-001	4.67446865741160e-003,-8.47202336809480e-005	-1.48528006147026e+001,5.09465716823417e-001	2.44617702018102e-008,1.72152420291268e-011
2.17086923195407e+002	-1.48513309647254e+001,5.21201850807608e-001	4.67433363711189e-003,-8.66691259864059e-005	-1.48519871849932e+001,5.21185342137483e-001	2.44617702716434e-008,1.76122185191067e-011
2.22092888996634e+002	-1.48504796556940e+001,5.33190092053070e-001	4.67419233462123e-003,-8.86626247575797e-005	-1.48511359030006e+001,5.33173203667249e-001	2.44617703449219e-008,1.80183490162704e-011
2.27214291016839e+002	-1.48495887366297e+001,5.45452621440859e-001	4.67404445657069e-003,-9.07017349363520e-005	-1.48502450122330e+001,5.45435344651724e-001	2.44617704213438e-008,1.84338445979439e-011
2.32453791184044e+002	-1.48486563694553e+001,5.57995611711329e-001	4.67388969894114e-003,-9.27874830739323e-005	-1.48493126746718e+001,5.57977937635767e-001	2.44617705014502e-008,1.88589211993517e-011
2.37814112809615e+002	-1.48476806313682e+001,5.70825367228691e-001	4.67372774317858e-003,-9.49209175991526e-005	-1.48483369675754e+001,5.70807286783923e-001	2.44617705853539e-008,1.92937997591524e-011
2.43298042003741e+002	-1.48466595112461e+001,5.83948326285141e-001	4.67355825392375e-003,-9.71031091341266e-005	-1.48473158798854e+001,5.83929830184481e-001	2.44617706732789e-008,1.97387062767551e-011
2.48908429123558e+002	-1.48455909048585e+001,5.97371063327943e-001	4.67338088293486e-003,-9.93351510453845e-005	-1.48462473074381e+001,5.97352142076490e-001	2.44617707649986e-008,2.01938719876309e-011
2.54648190254671e+002	-1.48444726111952e+001,6.11100291278954e-001	4.67319526513073e-003,-1.01618159703593e-004	-1.48451290492933e+001,6.11080935169204e-001	2.44617708609475e-008,2.06595334539386e-011
2.60520308726827e+002	-1.48433023281490e+001,6.25142863815642e-001	4.67300101710767e-003,-1.03953274827580e-004	-1.48439588034168e+001,6.25123062923033e-001	2.44617709615683e-008,2.11359326706601e-011
2.66527836664555e+002	-1.48420776473221e+001,6.39505777582688e-001	4.67279774039363e-003,-1.06341660022537e-004	-1.48427341614873e+001,6.39485521761074e-001	2.44617710667829e-008,2.16233172421477e-011
2.72673896573548e+002	-1.48407960497787e+001,6.54196174481076e-001	4.67258501693019e-003,-1.08784503005413e-004	-1.48414526046491e+001,6.54175453358129e-001	2.44617711769192e-008,2.21219404708833e-011
2.78961682963638e+002	-1.48394549009615e+001,6.69221343885749e-001	4.67236240884035e-003,-1.11283015995921e-004	-1.48401114984285e+001,6.69200146858287e-001	2.44617712922715e-008,2.26320614931834e-011
2.85394464009191e+002	-1.48380514328988e+001,6.84588723960644e-001	4.67212950150434e-003,-1.13838438038528e-004	-1.48387080806945e+001,6.84567040455381e-001	2.44617714128331e-008,2.31539454120041e-011
2.91975583247790e+002	-1.48365827883608e+001,7.00305907271817e-001	4.67188573071692e-003,-1.16452027743164e-004	-1.48372394828020e+001,7.00283725950197e-001	2.44617715388149e-008,2.36878634549408e-011
2.98708461318093e+002	-1.48350459407488e+001,7.16380637764740e-001	4.67163063965274e-003,-1.19125075007906e-004	-1.48357026840017e+001,7.16357947302465e-001	2.44617716712019e-008,2.42340931099026e-011
3.05596597737760e+002	-1.48334377379161e+001,7.32820816266815e-001	4.67136370504692e-003,-1.21858893788730e-004	-1.48340945322470e+001,7.32797605089382e-001	2.44617718093157e-008,2.47929182383272e-011
3.12643572722382e+002	-1.48317548835779e+001,7.49634501665648e-001	4.67108437892265e-003,-1.24654824295788e-004	-1.48324117313578e+001,7.49610757943345e-001	2.44617719536442e-008,2.53646292676433e-011
3.19853049046357e+002	-1.48299939305058e+001,7.66829912836467e-001	4.67079208989988e-003,-1.27514233436291e-004	-1.48306508342151e+001,7.66805624479309e-001	2.44617721049577e-008,2.59495233101060e-011
3.27228773946669e+002	-1.48281512741172e+001,7.84415430565039e-001	4.67048623984401e-003,-1.30438515023596e-004	-1.48288082363509e+001,7.84390585217642e-001	2.44617722634151e-008,2.65479043226405e-011
3.34774581070574e+002	-1.48262231454320e+001,8.02399599357564e-001	4.67016620284908e-003,-1.33429090083532e-004	-1.48268801689048e+001,8.02374184393967e-001	2.44617724291113e-008,2.71600832756989e-011
3.42494392468201e+002	-1.48242056037001e+001,8.20791129156604e-001	4.66983132431691e-003,-1.36487407154578e-004	-1.48248626912519e+001,8.20765131675029e-001	2.44617726023406e-008,2.77863783070248e-011
3.50392220631091e+002	-1.48220945285900e+001,8.39598896940297e-001	4.66948092087706e-003,-1.39614942622446e-004	-1.48227516831915e+001,8.39572303757865e-001	2.44617727836293e-008,2.84271148915540e-011
3.58472170577761e+002	-1.48198856124797e+001,8.58831948254295e-001	4.66911427743086e-003,-1.42813200885328e-004	-1.48205428372383e+001,8.58804745901690e-001	2.44617729735832e-008,2.90826259915327e-011
3.66738441987342e+002	-1.48175743520619e+001,8.78499498579752e-001	4.66873064651810e-003,-1.46083714623504e-004	-1.48182316502283e+001,8.78471673295844e-001	2.44617731721942e-008,2.97532522650488e-011
3.75195331382433e+002	-1.48151560397010e+001,8.98610934571389e-001	4.66832924703411e-003,-1.49428045016212e-004	-1.48158134146751e+001,8.98582472297820e-001	2.44617733798770e-008,3.04393422080037e-011
3.83847234362282e+002	-1.48126257545571e+001,9.19175815157391e-001	4.66790926183823e-003,-1.52847781871155e-004	-1.48132832098955e+001,9.19146701533120e-001	2.44617735973607e-008,3.11412523594103e-011
3.92698647887470e+002	-1.48099783530949e+001,9.40203872438034e-001	4.66746983739983e-003,-1.56344543847869e-004	-1.48106358925171e+001,9.40174092793862e-001	2.44617738248196e-008,3.18593474539872e-011
4.01754172617274e+002	-1.48072084471293e+001,9.61705011215366e-001	4.66701012395470e-003,-1.59919981205578e-004	-1.48078660802669e+001,9.61674550941380e-001	2.44617740629375e-008,3.25940006701224e-011
4.11018515300929e+002	-1.48043104429846e+001,9.83689314343411e-001	4.66652910311384e-003,-1.63575765237934e-004	-1.48049681681644e+001,9.83658157773147e-001	2.44617743119156e-008,3.33455937438574e-011
4.20496491224037e+002	-1.48012784567255e+001,1.00616703579195e+000	4.66602584442278e-003,-1.67313604357242e-004	-1.48019362782027e+001,1.00613516729885e+000	2.44617745724502e-008,3.41145172461829e-011
4.30193026711386e+002	-1.47981063532579e+001,1.02914860557533e+000	4.66549932761998e-003,-1.71135233235282e-004	-1.47987642754828e+001,1.02911600920261e+000	2.44617748450267e-008,3.49011707222722e-011
4.40113161687482e+002	-1.47947877215729e+001,1.05264462821575e+000	4.66494849039725e-003,-1.75042415846776e-004	-1.47954457491993e+001,1.05261128767087e+000	2.44617751303502e-008,3.57059629478196e-011
4.50262052296127e+002	-1.47913158639844e+001,1.07666588238820e+000	4.66437221947103e-003,-1.79036944922626e-004	-1.47919740018788e+001,1.07663178103737e+000	2.44617754286019e-008,3.65293121058535e-011
4.60644973580410e+002	-1.47876837828744e+001,1.10122331997028e+000	4.66376935491089e-003,-1.83120642252406e-004	-1.47883420361255e+001,1.10118844083296e+000	2.44617757406815e-008,3.73716460204460e-011
4.71267322224483e+002	-1.47838841689300e+001,1.12632806502727e+000	4.66313868150289e-003,-1.87295358035009e-004	-1.47845425428588e+001,1.12629239077076e+000	2.44617760672796e-008,3.82334023580990e-011
4.82134619358582e+002	-1.47799093744331e+001,1.15199141065637e+000	4.66247897715134e-003,-1.91562974414667e-004	-1.47805678803336e+001,1.15195492403714e+000	2.44617764089748e-008,3.91150289195531e-011
4.93252513428712e+002	-1.47757514500444e+001,1.17822482304298e+000	4.66178883069698e-003,-1.95925391703386e-004	-1.47764100880011e+001,1.17818750557129e+000	2.44617767663173e-008,4.00169837582716e-011
5.04626783132516e+002	-1.47714020557138e+001,1.20503993030815e+000	4.66106690334797e-003,-2.00384547629538e-004	-1.47720608318078e+001,1.20500176356291e+000	2.44617771400269e-008,4.09397355222037e-011
5.16263340422846e+002	-1.47668524955563e+001,1.23244852546518e+000	4.66031175222850e-003,-2.04942403991009e-004	-1.47675114161449e+001,1.23240949065197e+000	2.44617775312524e-008,4.18837636672988e-011
5.28168233580588e+002	-1.47620936904385e+001,1.26046256169232e+000	4.65952186956857e-003,-2.09600949164342e-004	-1.47627527621674e+001,1.26042263963838e+000	2.44617779403718e-008,4.28495586532167e-011
5.40347650358352e+002	-1.47571161617691e+001,1.28909414839273e+000	4.65869568258592e-003,-2.14362197665537e-004	-1.47577753915849e+001,1.28905331954198e+000	2.44617783680434e-008,4.38376222822365e-011
5.52807921196649e+002	-1.47519100031772e+001,1.31835554511815e+000	4.65783159167175e-003,-2.19228192954450e-004	-1.47525694040605e+001,1.31831379003768e+000	2.44617788155932e-008,4.48484678903021e-011
5.65555522514243e+002	-1.47464649124561e+001,1.34825916307069e+000	4.65692779760176e-003,-2.24200991996403e-004	-1.47471244862741e+001,1.34821646092394e+000	2.44617792836780e-008,4.58826206702859e-011
5.78597080074360e+002	-1.47407701007960e+001,1.37881754951625e+000	4.65598255339443e-003,-2.29282686050048e-004	-1.47414298554797e+001,1.37877387956943e+000	2.44617797734689e-008,4.69406178668714e-011
5.91939372428539e+002	-1.47348143233056e+001,1.41004338775741e+000	4.65499399337380e-003,-2.34475385350162e-004	-1.47354742671432e+001,1.40999872887531e+000	2.44617802854025e-008,4.80230091459177e-011
6.05589334439886e+002	-1.47285858485643e+001,1.44194948832334e+000	4.65396016995849e-003,-2.39781221257268e-004	-1.47292459902166e+001,1.44190381896536e+000	2.44617808210072e-008,4.91303568166013e-011
6.19554060887574e+002	-1.47220724268696e+001,1.47454877895327e+000	4.65287909542486e-003,-2.45202349257711e-004	-1.47227327810943e+001,1.47450207774147e+000	2.44617813810751e-008,5.02632361202704e-011
6.33840810154470e+002	-1.47152613198168e+001,1.50785430311197e+000	4.65174856439159e-003,-2.50740930709942e-004	-1.47159218903578e+001,1.50780654712505e+000	2.44617819665202e-008,5.14222356051286e-011
6.48457007999789e+002	-1.47081392059078e+001,1.54187919887790e+000	4.65056641165612e-003,-2.56399156197295e-004	-1.47088000026425e+001,1.54183036533798e+000	2.44617825791867e-008,5.26079573002174e-011
6.63410251418746e+002	-1.47006922090771e+001,1.57663669542874e+000	4.64933033401257e-003,-2.62179227087978e-004	-1.47013532423235e+001,1.57658676113941e+000	2.44617832193590e-008,5.38210171532690e-011
6.78708312591213e+002	-1.46929058526900e+001,1.61214009714343e+000	4.64803797283647e-003,-2.68083362175010e-004	-1.46935671389224e+001,1.61208903911246e+000	2.44617838887200e-008,5.50620452972395e-011
6.94359142921431e+002	-1.46847650859426e+001,1.64840277845536e+000	4.64668674122266e-003,-2.74113777656975e-004	-1.46854266307173e+001,1.64835057203126e+000	2.44617845887495e-008,5.63316863286025e-011
7.10370877170875e+002	-1.46762541886034e+001,1.68543815747331e+000	4.64527407376001e-003,-2.80272711316900e-004	-1.46769160036752e+001,1.68538477819150e+000	2.44617853209998e-008,5.76305997409718e-011
7.26751837686421e+002	-1.46673567841771e+001,1.72325968603016e+000	4.64379729663560e-003,-2.86562407179731e-004	-1.46680188875078e+001,1.72320510966878e+000	2.44617860860149e-008,5.89594601710643e-011
7.43510538726017e+002	-1.46580558525233e+001,1.76188083920557e+000	4.64225349627919e-003,-2.92985097908218e-004	-1.46587182512382e+001,1.76182503979518e+000	2.44617868861201e-008,6.03189578071095e-011
7.60655690884097e+002	-1.46483336332255e+001,1.80131508394272e+000	4.64063976936904e-003,-2.99543030229848e-004	-1.46489963407042e+001,1.80125803574152e+000	2.44617877225300e-008,6.17097987483244e-011
7.78196205619051e+002	-1.46381716373890e+001,1.84157586511334e+000	4.63895309140571e-003,-3.06238447807222e-004	-1.46388346732732e+001,1.84151754266852e+000	2.44617885963775e-008,6.31327053127109e-011
7.96141199885091e+002	-1.46275506587921e+001,1.88267659080587e+000	4.63719018524059e-003,-3.13073571813840e-004	-1.46282140319793e+001,1.88261696682847e+000	2.44617895102693e-008,6.45884164664958e-011
8.14500000870932e+002	-1.46164506759787e+001,1.92463059503194e+000	4.63534777245827e-003,-3.20050627747634e-004	-1.46171144016811e+001,1.92456964250996e+000	2.44617904653743e-008,6.60776881713761e-011
8.33282150847739e+002	-1.46048508630755e+001,1.96745111901873e+000	4.63342244022376e-003,-3.27171826263692e-004	-1.46055149628290e+001,1.96738881128455e+000	2.44617914634011e-008,6.76012937981875e-011
8.52497412128872e+002	-1.45927295995251e+001,2.01115129133872e+000	4.63141051168623e-003,-3.34439341972125e-004	-1.45933940842231e+001,2.01108759980099e+000	2.44617925063688e-008,6.91600245266680e-011
8.72155772144002e+002	-1.45800643601425e+001,2.05574408136307e+000	4.62930833626498e-003,-3.41855346788415e-004	-1.45807292527131e+001,2.05567897856407e+000	2.44617935960835e-008,7.07546897370925e-011
8.92267448630227e+002	-1.45668317845266e+001,2.10124228755731e+000	4.62711194823986e-003,-3.49421960308792e-004	-1.45674970973293e+001,2.10117574405839e+000	2.44617947350065e-008,7.23861174226500e-011
9.12842894942904e+002	-1.45530075550557e+001,2.14765848327862e+000	4.62481739971474e-003,-3.57141289643315e-004	-1.45536733125221e+001,2.14759047085665e+000	2.44617959246736e-008,7.40551546247876e-011
9.33892805488941e+002	-1.45385664661254e+001,2.19500500130601e+000	4.62242041843855e-003,-3.65015376834807e-004	-1.45392326821975e+001,2.19493548970125e+000	2.44617971677491e-008,7.57626678721788e-011
9.55428121285379e+002	-1.45234823024947e+001,2.24329387378298e+000	4.61991674153852e-003,-3.73046240099945e-004	-1.45241490032254e+001,2.24322283404052e+000	2.44617984663307e-008,7.75095436669838e-011
9.77460035646155e+002	-1.45077279085681e+001,2.29253681249719e+000	4.61730177386201e-003,-3.81235818295058e-004	-1.45083951096049e+001,2.29246421357192e+000	2.44617998225337e-008,7.92966888830978e-011
1.00000000000000e+003	-1.44912750681348e+001,2.34274514263415e+000	4.61457091841064e-003,-3.89586012962367e-004	-1.44919427972763e+001,2.34267095488326e+000	2.44618012391176e-008,8.11250312399702e-011
1.02305972984251e+003	-1.44740945733363e+001,2.39392977809423e+000	4.61171924116786e-003,-3.98098630564544e-004	-1.44747628480654e+001,2.39385396973379e+000	2.44618027187753e-008,8.29955197666605e-011
1.04665121082543e+003	-1.44561561066163e+001,2.44610114861221e+000	4.60874179682026e-003,-4.06775425114799e-004	-1.44568249566081e+001,2.44602368936704e+000	2.44618042634809e-008,8.49091254098565e-011
1.07078670498640e+003	-1.44374282993044e+001,2.49926916689989e+000	4.60563333462982e-003,-4.15618043864183e-004	-1.44380977496105e+001,2.49919002527535e+000	2.44618058768063e-008,8.68668413163375e-011
1.09547875712234e+003	-1.44178786735872e+001,2.55344316366268e+000	4.60238842057659e-003,-4.24628037138281e-004	-1.44185487447004e+001,2.55336230688150e+000	2.44618075608091e-008,8.88696835978961e-011
1.12074020130978e+003	-1.43974735981389e+001,2.60863182144879e+000	4.59900151581166e-003,-4.33806862749232e-004	-1.43981443172242e+001,2.60854921740915e+000	2.44618093187391e-008,9.09186916486206e-011
1.14658416757563e+003	-1.43761782799406e+001,2.66484311395865e+000	4.59546693301635e-003,-4.43155869914224e-004	-1.43768496864153e+001,2.66475873237497e+000	2.44618111536408e-008,9.30149287712216e-011
1.17302408872162e+003	-1.43539568161258e+001,2.72208425922323e+000	4.59177858119701e-003,-4.52676242878174e-004	-1.43546289338005e+001,2.72199806655012e+000	2.44618130686904e-008,9.51594827297697e-011
1.20007370730629e+003	-1.43307720726215e+001,2.78036161976796e+000	4.58793034070090e-003,-4.62369055670889e-004	-1.43314449320668e+001,2.78027358327365e+000	2.44618150670037e-008,9.73534662270579e-011
1.22774708278787e+003	-1.43065857286260e+001,2.83968064464202e+000	4.58391585074538e-003,-4.72235222999964e-004	-1.43072593616282e+001,2.83959073142586e+000	2.44618171520596e-008,9.95980176082173e-011
1.25605859883189e+003	-1.42813582533375e+001,2.90004578807271e+000	4.57972855006238e-003,-4.82275494757350e-004	-1.42820326929369e+001,2.89995396509683e+000	2.44618193271229e-008,1.01894301362298e-010
1.28502297078731e+003	-1.42550488973984e+001,2.96146042753892e+000	4.57536167502223e-003,-4.92490442338600e-004	-1.42557241779281e+001,2.96136666166255e+000	2.44618215958096e-008,1.04243508726530e-010
1.31465525333509e+003	-1.42276156874669e+001,3.02392677788014e+000	4.57080825842087e-003,-5.02880444324479e-004	-1.42282918445913e+001,3.02383103589655e+000	2.44618239620507e-008,1.06646858245811e-010
1.34497084831303e+003	-1.41990154242501e+001,3.08744580138365e+000	4.56606112957487e-003,-5.13445671644068e-004	-1.41996924950041e+001,3.08734805006005e+000	2.44618264293417e-008,1.09105596603421e-010
1.37598551272118e+003	-1.41692036844184e+001,3.15201711384538e+000	4.56111291563902e-003,-5.24186072210786e-004	-1.41698817072460e+001,3.15191731996571e+000	2.44618290018803e-008,1.11620998956002e-010
1.40771536691173e+003	-1.41381348272426e+001,3.21763888681423e+000	4.55595604093401e-003,-5.35101354324243e-004	-1.41388138420354e+001,3.21753701722510e+000	2.44618316830631e-008,1.14194369848038e-010
1.44017690296787e+003	-1.41057620057873e+001,3.28430774579300e+000	4.55058272879020e-003,-5.46190969757605e-004	-1.41064420539230e+001,3.28420376745286e+000	2.44618344776412e-008,1.16827043726296e-010
1.47338699327573e+003	-1.40720371719029e+001,3.35201866030627e+000	4.54498504748222e-003,-5.57454106148015e-004	-1.40727183017389e+001,3.35191254163786e+000	2.44618373895893e-008,1.19520385788995e-010
1.50736289929413e+003	-1.40369111433554e+001,3.42076485092441e+000	4.53915474782787e-003,-5.68889630861073e-004	-1.40375933938840e+001,3.42065655799764e+000	2.44618404233598e-008,1.22275792424997e-010
1.54212228052647e+003	-1.40003335651149e+001,3.49053765173391e+000	4.53308351477437e-003,-5.80496128375056e-004	-1.40010169823942e+001,3.49042715217231e+000	2.44618435832471e-008,1.25094692177084e-010
1.57768320369953e+003	-1.39622529785086e+001,3.56132640573370e+000	4.52676284849228e-003,-5.92271853525029e-004	-1.39629376156420e+001,3.56121366888508e+000	2.44618468736813e-008,1.27978546373022e-010
1.61406415215390e+003	-1.39226168960706e+001,3.63311835809682e+000	4.52018395252297e-003,-6.04214681673138e-004	-1.39233027969844e+001,3.63300335098497e+000	2.44618502999503e-008,1.30928849853010e-010
1.65128403545105e+003	-1.38813717754144e+001,3.70589850333057e+000	4.51333802471228e-003,-6.16322157758068e-004	-1.38820589965426e+001,3.70578119625133e+000	2.44618538660280e-008,1.33947131805883e-010
1.68936219920180e+003	-1.38384631547415e+001,3.77964949035782e+000	4.50621598245550e-003,-6.28591405151026e-004	-1.38391517488303e+001,3.77952985278331e+000	2.44618575770835e-008,1.37034956562643e-010
1.72831843512154e+003	-1.37938356874870e+001,3.85435148211994e+000	4.49880859681626e-003,-6.41019134034391e-004	-1.37945257036877e+001,3.85422948266391e+000	2.44618614380791e-008,1.40193924214938e-010
1.76817299131727e+003	-1.37474331878226e+001,3.92998201197466e+000	4.49110662615981e-003,-6.53601653243056e-004	-1.37481246877797e+001,3.92985762293035e+000	2.44618654540181e-008,1.43425671713951e-010
1.80894658281186e+003	-1.36991987721458e+001,4.00651587592770e+000	4.48310062889839e-003,-6.66334795387168e-004	-1.36998918192515e+001,4.00638907048294e+000	2.44618696299947e-008,1.46731873472377e-010
1.85066040231103e+003	-1.36490749675165e+001,4.08392500720685e+000	4.47478093921381e-003,-6.79213880822330e-004	-1.36497696110498e+001,4.08379575478630e+000	2.44618739715731e-008,1.50114242379195e-010
1.89333613121855e+003	-1.35970037158806e+001,4.16217829612690e+000	4.46613808694617e-003,-6.92233810576186e-004	-1.35977000281638e+001,4.16204657342402e+000	2.44618784832860e-008,1.53574530677332e-010
1.93699595090551e+003	-1.35429266429694e+001,4.24124152757055e+000	4.45716225895020e-003,-7.05388885047208e-004	-1.35436246822980e+001,4.24110730762072e+000	2.44618831708756e-008,1.57114530709537e-010
1.98166255423943e+003	-1.34867850772165e+001,4.32107719839912e+000	4.44784375768999e-003,-7.18672908144448e-004	-1.34874849090354e+001,4.32094045701841e+000	2.44618880395570e-008,1.60736076021284e-010
2.02735915737920e+003	-1.34285202387614e+001,4.40164441006342e+000	4.43817286744783e-003,-7.32079121677159e-004	-1.34292219355823e+001,4.40150512607953e+000	2.44618930944913e-008,1.64441042219956e-010
2.07410951184210e+003	-1.33680734299779e+001,4.48289876151713e+000	4.42813976336092e-003,-7.45600146925796e-004	-1.33687770557351e+001,4.48275691179170e+000	2.44618983413699e-008,1.68231347953011e-010
2.12193791684896e+003	-1.33053861484355e+001,4.56479219963071e+000	4.41773477628699e-003,-7.59228038835621e-004	-1.33060917741434e+001,4.56464776423279e+000	2.44619037857157e-008,1.72108955813361e-010
2.17086923195407e+003	-1.32404003061650e+001,4.64727292181397e+000	4.40694830421646e-003,-7.72954231089293e-004	-1.32411080098095e+001,4.64712588426551e+000	2.44619094326697e-008,1.76075873609819e-010
2.22092888996635e+003	-1.31730584416714e+001,4.73028527576227e+000	4.39577080888692e-003,-7.86769505770471e-004	-1.31737683029785e+001,4.73013562145476e+000	2.44619152876659e-008,1.80134155030206e-010
2.27214291016839e+003	-1.31033039461042e+001,4.81376966830017e+000	4.38419281367650e-003,-8.00663962240628e-004	-1.31040160363467e+001,4.81361738088760e+000	2.44619213558984e-008,1.84285901075001e-010
2.32453791184045e+003	-1.30310812459677e+001,4.89766245026821e+000	4.37220513440764e-003,-8.14627069317980e-004	-1.30317956433067e+001,4.89750751723370e+000	2.44619276428840e-008,1.88533260890105e-010
2.37814112809616e+003	-1.29563360882933e+001,4.98189586243818e+000	4.35979876548539e-003,-8.28647599943103e-004	-1.29570528726027e+001,4.98173827342222e+000	2.44619341537188e-008,1.92878432995492e-010
2.43298042003742e+003	-1.28790157814174e+001,5.06639796096659e+000	4.34696500091306e-003,-8.42713648693423e-004	-1.28797350392271e+001,5.06623770986415e+000	2.44619408935989e-008,1.97323666328952e-010
2.48908429123559e+003	-1.27990694974666e+001,5.15109258664716e+000	4.33369536326374e-003,-8.56812580177349e-004	-1.27997913118554e+001,5.15092966787787e+000	2.44619478672813e-008,2.01871261481692e-010
2.54648190254672e+003	-1.27164485400608e+001,5.23589932123233e+000	4.31998173083505e-003,-8.70931051910165e-004	-1.27171729907100e+001,5.23573372974412e+000	2.44619550797228e-008,2.06523572030577e-010
2.60520308726828e+003	-1.26311066175081e+001,5.32073345519066e+000	4.30581649798720e-003,-8.85055056932937e-004	-1.26318337954483e+001,5.32056519265347e+000	2.44619625358032e-008,2.11283005445208e-010
2.66527836664556e+003	-1.25430002007141e+001,5.40550602327904e+000	4.29119243789440e-003,-8.99169851348108e-004	-1.25437301982446e+001,5.40533509429046e+000	2.44619702400320e-008,2.16152024672656e-010
2.72673896573549e+003	-1.24520888441390e+001,5.49012383236234e+000	4.27610276079360e-003,-9.13259957391511e-004	-1.24528217450685e+001,5.48995024032346e+000	2.44619781966640e-008,2.21133149110670e-010
2.78961682963639e+003	-1.23583354736852e+001,5.57448948160657e+000	4.26054135116949e-003,-9.27309247596824e-004	-1.23590713678821e+001,5.57431323507740e+000	2.44619864096509e-008,2.26228956261846e-010
2.85394464009192e+003	-1.22617067451413e+001,5.65850144989175e+000	4.24450274892734e-003,-9.41300929255124e-004	-1.22624457330258e+001,5.65832256504660e+000	2.44619948829331e-008,2.31442082839632e-010
2.91975583247791e+003	-1.21621734404242e+001,5.74205423646797e+000	4.22798199018181e-003,-9.55217464654461e-004	-1.21629156089527e+001,5.74187272634768e+000	2.44620036200106e-008,2.36775226130787e-010
2.98708461318094e+003	-1.20597107404485e+001,5.82503843485986e+000	4.21097499346308e-003,-9.69040736361818e-004	-1.20604561821386e+001,5.82485431814128e+000	2.44620126241699e-008,2.42231145627645e-010
3.05596597737761e+003	-1.19542986118645e+001,5.90734091839578e+000	4.19347846963411e-003,-9.82752010676391e-004	-1.19550474244865e+001,5.90715421963813e+000	2.44620218982011e-008,2.47812664355762e-010
3.12643572722383e+003	-1.18459221738394e+001,5.98884504465473e+000	4.17548991091878e-003,-9.96331935620592e-004	-1.18466744508995e+001,5.98865578989236e+000	2.44620314449265e-008,2.53522670224640e-010
3.19853049046358e+003	-1.17345720212271e+001,6.06943085943544e+000	4.15700775598446e-003,-1.00976062768827e-003	-1.17353278565088e+001,6.06923907850845e+000	2.44620412660969e-008,2.59364117909199e-010
3.27228773946670e+003	-1.16202445745976e+001,6.14897535954561e+000	4.13803140968289e-003,-1.02301769750246e-003	-1.16210040619770e+001,6.14878108619558e+000	2.44620513636558e-008,2.65340029971607e-010
3.34774581070575e+003	-1.15029424049353e+001,6.22735277549482e+000	4.11856133430623e-003,-1.03608231672604e-003	-1.15037056426453e+001,6.22715604986626e+000	2.44620617388904e-008,2.71453498800898e-010
3.42494392468202e+003	-1.13826745761530e+001,6.30443491533905e+000	4.09859899743289e-003,-1.04893321766930e-003	-1.13834416575654e+001,6.30423577928559e+000	2.44620723923901e-008,2.77707688159468e-010
3.50392220631093e+003	-1.12594569257994e+001,6.38009150167460e+000	4.07814702695286e-003,-1.06154880555805e-003	-1.12602279437596e+001,6.37989000117733e+000	2.44620833249936e-008,2.84105834737732e-010
3.58472170577762e+003	-1.11333123498913e+001,6.45419056181400e+000	4.05720925756105e-003,-1.07390722507994e-003	-1.11340874008108e+001,6.45398674953671e+000	2.44620945362573e-008,2.90651250009694e-010
3.66738441987343e+003	-1.10042710851296e+001,6.52659887160663e+000	4.03579067163086e-003,-1.08598637422859e-003	-1.10050502600212e+001,6.52639280198499e+000	2.44621060253067e-008,2.97347321995873e-010
3.75195331382434e+003	-1.08723709211263e+001,6.59718238902323e+000	4.01389754216974e-003,-1.09776403628035e-003	-1.08731543097781e+001,6.59697412073390e+000	2.44621177911538e-008,3.04197517038829e-010
3.83847234362283e+003	-1.07376574049744e+001,6.66580673885502e+000	3.99153746006370e-003,-1.10921795854264e-003	-1.07384450998670e+001,6.66559633740949e+000	2.44621298321892e-008,3.11205381579978e-010
3.92698647887472e+003	-1.06001840296287e+001,6.73233774450583e+000	3.96871927138585e-003,-1.12032588384861e-003	-1.06009761172521e+001,6.73212527712477e+000	2.44621421459459e-008,3.18374544050355e-010
4.01754172617275e+003	-1.04600123397232e+001,6.79664193836933e+000	3.94545322165955e-003,-1.13106571210199e-003	-1.04608089086435e+001,6.79642747912472e+000	2.44621547294843e-008,3.25708717048578e-010
4.11018515300930e+003	-1.03172120470703e+001,6.85858714815881e+000	3.92175084879729e-003,-1.14141551929044e-003	-1.03180131794511e+001,6.85837077270837e+000	2.44621675792244e-008,3.33211699036596e-010
4.20496491224038e+003	-1.01718610523777e+001,6.91804304778343e+000	3.89762511351983e-003,-1.15135372945168e-003	-1.01726668318277e+001,6.91782483857762e+000	2.44621806915448e-008,3.40887376438394e-010
4.30193026711388e+003	-1.00240454686311e+001,6.97488177820478e+000	3.87309027600359e-003,-1.16085913510803e-003	-1.00248559719440e+001,6.97466181908586e+000	2.44621940615410e-008,3.48739725796035e-010
4.40113161687483e+003	-9.87385954764943e+000,7.02897852364447e+000	3.84816201007791e-003,-1.16991107686629e-003	-9.87467485243075e+000,7.02875690510923e+000	2.44622076839932e-008,3.56772815799362e-010
4.50262052296129e+003	-9.72140560658164e+000,7.08021215628663e+000	3.82285723744158e-003,-1.17848944496932e-003	-9.72222577945223e+000,7.07998896721098e+000	2.44622215536771e-008,3.64990809600520e-010
4.60644973580411e+003	-9.56679383047313e+000,7.12846579275775e+000	3.79719433449109e-003,-1.18657494049382e-003	-9.56761894584016e+000,7.12824113392458e+000	2.44622356638111e-008,3.73397966745359e-010
4.71267322224485e+003	-9.41014211701245e+000,7.17362747010810e+000	3.77119280928247e-003,-1.19414897629119e-003	-9.41097223786330e+000,7.17340144035876e+000	2.44622500084763e-008,3.81998645841329e-010
4.82134619358584e+003	-9.25157577167615e+000,7.21559068894095e+000	3.74487348858966e-003,-1.20119393756655e-003	-9.25241096058842e+000,7.21536339324938e+000	2.44622645799519e-008,3.90797306447327e-010
4.93252513428714e+003	-9.09122721148301e+000,7.25425502437694e+000	3.71825834815818e-003,-1.20769319600533e-003	-9.09206752662901e+000,7.25402657090271e+000	2.44622793706862e-008,3.99798511926757e-010
5.04626783132518e+003	-8.92923559342080e+000,7.28952668811224e+000	3.69137045651007e-003,-1.21363120483417e-003	-8.93008108489174e+000,7.28929718515439e+000	2.44622943726786e-008,4.09006931294974e-010
5.16263340422848e+003	-8.76574637833659e+000,7.32131904492881e+000	3.66423398319057e-003,-1.21899364853433e-003	-8.76659709499241e+000,7.32108860631828e+000	2.44623095778085e-008,4.18427342221641e-010
5.28168233580590e+003	-8.60091087210045e+000,7.34955313766150e+000	3.63687404057937e-003,-1.22376746598049e-003	-8.60176685779860e+000,7.34932187971058e+000	2.44623249771902e-008,4.28064633288666e-010
5.40347650358354e+003	-8.43488570501521e+000,7.37415815522724e+000	3.60931659777108e-003,-1.22794092585724e-003	-8.43574699517321e+000,7.37392619360264e+000	2.44623405620154e-008,4.37923806618466e-010
5.52807921196651e+003	-8.26783225605131e+000,7.39507183827647e+000	3.58158846576345e-003,-1.23150376252639e-003	-8.26869888416729e+000,7.39483929342163e+000	2.44623563230484e-008,4.48009980358356e-010
5.65555522514245e+003	-8.09991606540445e+000,7.41224088516420e+000	3.55371709440629e-003,-1.23444715360303e-003	-8.10078805638966e+000,7.41200787629317e+000	2.44623722510595e-008,4.58328391863811e-010
5.78597080074362e+003	-7.93130617356812e+000,7.42562124122285e+000	3.52573061279026e-003,-1.23676390107793e-003	-7.93218355619866e+000,7.42538789751496e+000	2.44623883366523e-008,4.68884399880996e-010
5.91939372428541e+003	-7.76217448840008e+000,7.43517843715660e+000	3.49765747810929e-003,-1.23844826583423e-003	-7.76305727639038e+000,7.43494488019890e+000	2.44624045704995e-008,4.79683487565742e-010
6.05589334439888e+003	-7.59269505559445e+000,7.44088774014510e+000	3.46952660161382e-003,-1.23949621533321e-003	-7.59358326009363e+000,7.44065409511200e+000	2.44624209430636e-008,4.90731265573836e-010
6.19554060887576e+003	-7.42304336433218e+000,7.44273434210294e+000	3.44136710859159e-003,-1.23990534241004e-003	-7.42393699074353e+000,7.44250073455933e+000	2.44624374455494e-008,5.02033474634244e-010
6.33840810154473e+003	-7.25339561867086e+000,7.44071344655997e+000	3.41320824336420e-003,-1.23967490314992e-003	-7.25429466663496e+000,7.44048000213617e+000	2.44624540685016e-008,5.13595988705306e-010
6.48457007999792e+003	-7.08392800353955e+000,7.43483029296681e+000	3.38507926908890e-003,-1.23880584328557e-003	-7.08483246968723e+000,7.43459713991610e+000	2.44624708028241e-008,5.25424818112996e-010
6.63410251418748e+003	-6.91481596463053e+000,7.42510014798390e+000	3.35700925999551e-003,-1.23730070631762e-003	-6.91572583430982e+000,7.42486740820536e+000	2.44624876406558e-008,5.37526112664322e-010
6.78708312591215e+003	-6.74623346707619e+000,7.41154817221898e+000	3.32902711167793e-003,-1.23516374741610e-003	-6.74714872277589e+000,7.41131596959244e+000	2.44625045737414e-008,5.49906164415426e-010
6.94359142921434e+003	-6.57835229277516e+000,7.39420928084464e+000	3.30116135421748e-003,-1.23240084079296e-003	-6.57927291394026e+000,7.39397774089783e+000	2.44625215943637e-008,5.62571411713501e-010
7.10370877170878e+003	-6.41134135222394e+000,7.37312793625320e+000	3.27344000028756e-003,-1.22901940260240e-003	-6.41226731012560e+000,7.37289718010332e+000	2.44625386951449e-008,5.75528441836133e-010
7.26751837686424e+003	-6.24536600723889e+000,7.34835784850109e+000	3.24589051359829e-003,-1.22502842938287e-003	-6.24629727019708e+000,7.34812799828594e+000	2.44625558702952e-008,5.88783994613909e-010
7.43510538726020e+003	-6.08058744286713e+000,7.31996166758506e+000	3.21853962576172e-003,-1.22043835913388e-003	-6.08152397142288e+000,7.31973284045515e+000	2.44625731137011e-008,6.02344966007518e-010
7.60655690884100e+003	-5.91716205882909e+000,7.28801058482781e+000	3.19141329392577e-003,-1.21526107080651e-003	-5.91810380845581e+000,7.28778289553999e+000	2.44625904196375e-008,6.16218411592646e-010
7.78196205619054e+003	-5.75524090655167e+000,7.25258390005223e+000	3.16453662266562e-003,-1.20950983400048e-003	-5.75618783229604e+000,7.25235746633505e+000	2.44626077848357e-008,6.30411550128386e-010
7.96141199885094e+003	-5.59496918411053e+000,7.21376858962359e+000	3.13793365559446e-003,-1.20319908519351e-003	-5.59592122944788e+000,7.21354351782613e+000	2.44626252052651e-008,6.44931767254788e-010
8.14500000870935e+003	-5.43648574594895e+000,7.17165874082521e+000	3.11162748974817e-003,-1.19634457374218e-003	-5.43744285638290e+000,7.17143514255689e+000	2.44626426790487e-008,6.59786619539869e-010
8.33282150847742e+003	-5.27992270166757e+000,7.12635507293959e+000	3.08564001473465e-003,-1.18896304148865e-003	-5.28088481398913e+000,7.12613305084041e+000	2.44626602039681e-008,6.74983837901652e-010
8.52497412128875e+003	-5.12540503294793e+000,7.07796432619705e+000	3.05999200433093e-003,-1.18107231781821e-003	-5.12637208390638e+000,7.07774398486159e+000	2.44626777797531e-008,6.90531332142469e-010
8.72155772144005e+003	-4.97305028980766e+000,7.02659871386345e+000	3.03470294971987e-003,-1.17269107845653e-003	-4.97402221010150e+000,7.02638015133609e+000	2.44626954071605e-008,7.06437194312184e-010
8.92267448630230e+003	-4.82296832520816e+000,6.97237530799869e+000	3.00979106585084e-003,-1.16383880716172e-003	-4.82394503998246e+000,6.97215861569306e+000	2.44627130876265e-008,7.22709703597366e-010
9.12842894942908e+003	-4.67526108572693e+000,6.91541541757849e+000	2.98527330051511e-003,-1.15453575577337e-003	-4.67624252050450e+000,6.91520068827340e+000	2.44627308242944e-008,7.39357330073293e-010
9.33892805488945e+003	-4.53002246713644e+000,6.85584400605812e+000	2.96116521947498e-003,-1.14480272093584e-003	-4.53100854236542e+000,6.85563132562611e+000	2.44627486205905e-008,7.56388739249631e-010
9.55428121285382e+003	-4.38733820920185e+000,6.79378905736979e+000	2.93748106417964e-003,-1.13466104477840e-003	-4.38832884415742e+000,6.79357851003989e+000	2.44627664822978e-008,7.73812796314421e-010
9.77460035646159e+003	-4.24728585230300e+000,6.72938099101996e+000	2.91423368656297e-003,-1.12413243345649e-003	-4.24828096185338e+000,6.72917265398239e+000	2.44627844156611e-008,7.91638571123076e-010
1.00000000000001e+004	-4.10993473484147e+000,6.66275205116229e+000	2.89143460488607e-003,-1.11323893953878e-003	-4.11093423312769e+000,6.66254599977741e+000	2.44628024280802e-008,8.09875342372191e-010
1.02305972984252e+004	-3.97534604537079e+000,6.59403574708873e+000	2.86909395755569e-003,-1.10200278576385e-003	-3.97634984279003e+000,6.59383204962927e+000	2.44628205290866e-008,8.28532602560318e-010
1.04665121082544e+004	-3.84357291063835e+000,6.52336627312921e+000	2.84722058299898e-003,-1.09044637135241e-003	-3.84458091879313e+000,6.52316499845580e+000	2.44628387287901e-008,8.47620062959888e-010
1.07078670498640e+004	-3.71466053454451e+000,6.45087800211938e+000	2.82582195556665e-003,-1.07859204848645e-003	-3.71567266034999e+000,6.45067920944909e+000	2.44628570388489e-008,8.67147658496385e-010
1.09547875712234e+004	-3.58864636317566e+000,6.37670494563428e+000	2.80490429720989e-003,-1.06646216841513e-003	-3.58966251369526e+000,6.37650869219774e+000	2.44628754723475e-008,8.87125552901597e-010
1.12074020130979e+004	-3.46556029179941e+000,6.30098027974425e+000	2.78447258724480e-003,-1.05407896633394e-003	-3.46658037564903e+000,6.30078662314454e+000	2.44628940435746e-008,9.07564144139244e-010
1.14658416757563e+004	-3.34542490295946e+000,6.22383591136815e+000	2.76453054565442e-003,-1.04146439074371e-003	-3.34644882500052e+000,6.22364489973233e+000	2.44629127683475e-008,9.28474069280509e-010
1.17302408872162e+004	-3.22825572455262e+000,6.14540203284151e+000	2.74508074481301e-003,-1.02864014705271e-003	-3.22928338901327e+000,6.14521370988316e+000	2.44629316638691e-008,9.49866210425263e-010
1.20007370730630e+004	-3.11406151580721e+000,6.06580673737771e+000	2.72612464340429e-003,-1.01562761296055e-003	-3.11509282772129e+000,6.06562114482207e+000	2.44629507487369e-008,9.71751700254087e-010
1.22774708278788e+004	-3.00284457327650e+000,5.98517567428428e+000	2.70766260713011e-003,-1.00244772581744e-003	-3.00387943620606e+000,5.98499284718636e+000	2.44629700429188e-008,9.94141927606525e-010
1.25605859883190e+004	-2.89460104838668e+000,5.90363170584729e+000	2.68969401936742e-003,-9.89121034804757e-004	-2.89563936929387e+000,5.90345168196963e+000	2.44629895681362e-008,1.01704854352639e-009
1.28502297078732e+004	-2.78932128463986e+000,5.82129465391194e+000	2.67221724259658e-003,-9.75667478206971e-004	-2.79036296711259e+000,5.82111745990335e+000	2.44630093468773e-008,1.04048346728482e-009
1.31465525333509e+004	-2.68699015455766e+000,5.73828100381806e+000	2.65522978661223e-003,-9.62106551323179e-004	-2.68803510574021e+000,5.73810666906123e+000	2.44630294039657e-008,1.06445889235835e-009
1.34497084831303e+004	-2.58758741194438e+000,5.65470371975043e+000	2.63872826590938e-003,-9.48457077196500e-004	-2.58863553723855e+000,5.65453226513216e+000	2.44630497650076e-008,1.08898729300428e-009
1.37598551272118e+004	-2.49108803992537e+000,5.57067202494374e+000	2.62270853796317e-003,-9.34737331701869e-004	-2.49213924733404e+000,5.57050347188277e+000	2.44630704576464e-008,1.11408143067135e-009
1.40771536691174e+004	-2.39746260515905e+000,5.48629126828450e+000	2.60716569387280e-003,-9.20964881107172e-004	-2.39851680143916e+000,5.48612563009447e+000	2.44630915106482e-008,1.13975436039016e-009
1.44017690296787e+004	-2.30667760541781e+000,5.40166277284479e+000	2.59209417371241e-003,-9.07156677495938e-004	-2.30773469920195e+000,5.40150006141901e+000	2.44631129548424e-008,1.16601943757391e-009
1.47338699327573e+004	-2.21869581566658e+000,5.31688373862304e+000	2.57748781253096e-003,-8.93329022392759e-004	-2.21975571917935e+000,5.31672396856998e+000	2.44631348222901e-008,1.19289032555811e-009
1.50736289929414e+004	-2.13347662924171e+000,5.23204719078403e+000	2.56333984005886e-003,-8.79497429790387e-004	-2.13453925307359e+000,5.23189036700555e+000	2.44631571466532e-008,1.22038100168017e-009
1.54212228052648e+004	-2.05097638682511e+000,5.14724190088113e+000	2.54964300845378e-003,-8.65676775450599e-004	-2.05204164362966e+000,5.14708802709975e+000	2.44631799638234e-008,1.24850576530543e-009
1.57768320369953e+004	-1.97114869969403e+000,5.06255237505340e+000	2.53638960952494e-003,-8.51881214290633e-004	-1.97221650340585e+000,5.06240145186815e+000	2.44632033103329e-008,1.27727924507515e-009
1.61406415215391e+004	-1.89394476040793e+000,4.97805884116108e+000	2.52357154554698e-003,-8.38124223991771e-004	-1.89501502780974e+000,4.97791087005965e+000	2.44632272254612e-008,1.30671640625445e-009
1.65128403545105e+004	-1.81931364312347e+000,4.89383727685097e+000	2.51118034770947e-003,-8.24418534007782e-004	-1.82038629159018e+000,4.89369225440696e+000	2.44632517501058e-008,1.33683255883125e-009
1.68936219920180e+004	-1.74720258946594e+000,4.80995942931273e+000	2.49920725491605e-003,-8.10776204445077e-004	-1.74827753852014e+000,4.80981735119886e+000	2.44632769267177e-008,1.36764336519614e-009
1.72831843512154e+004	-1.67755728253427e+000,4.72649287453571e+000	2.48764323569009e-003,-7.97208577526044e-004	-1.67863445251323e+000,4.72635373187998e+000	2.44633027996758e-008,1.39916484861124e-009
1.76817299131727e+004	-1.61032210570901e+000,4.64350106882482e+000	2.47647905910401e-003,-7.83726357943329e-004	-1.61140141980947e+000,4.64336485389198e+000	2.44633294156050e-008,1.43141340114800e-009
1.80894658281187e+004	-1.54544038861065e+000,4.56104343983854e+000	2.46570530233561e-003,-7.70339541873881e-004	-1.54652177094748e+000,4.56091014061625e+000	2.44633568227447e-008,1.46440579250509e-009
1.85066040231104e+004	-1.48285463722246e+000,4.47917546035512e+000	2.45531242090241e-003,-7.57057513954869e-004	-1.48393801470471e+000,4.47904506603987e+000	2.44633850721117e-008,1.49815917851916e-009
1.89333613121856e+004	-1.42250675071918e+000,4.39794875748588e+000	2.44529075880509e-003,-7.43888996564747e-004	-1.42359205180434e+000,4.39782125496440e+000	2.44634142165084e-008,1.53269111032438e-009
1.93699595090552e+004	-1.36433822305328e+000,4.31741121606465e+000	2.43563058774637e-003,-7.30842080791524e-004	-1.36542537726399e+000,4.31728658838417e+000	2.44634443108728e-008,1.56801954334846e-009
1.98166255423944e+004	-1.30829033025292e+000,4.23760708313135e+000	2.42632215691200e-003,-7.17924297893282e-004	-1.30937926981989e+000,4.23748531469440e+000	2.44634754126305e-008,1.60416284655848e-009
2.02735915737921e+004	-1.25430430424934e+000,4.15857709939314e+000	2.41735569383579e-003,-7.05142560993898e-004	-1.25539496251197e+000,4.15845817101089e+000	2.44635075818144e-008,1.64113981213992e-009
2.07410951184211e+004	-1.20232149225806e+000,4.08035860997902e+000	2.40872145773098e-003,-6.92503262181495e-004	-1.20341380516800e+000,4.08024250387552e+000	2.44635408809022e-008,1.67896966523540e-009
2.12193791684897e+004	-1.15228350337998e+000,4.00298569944679e+000	2.40040974567946e-003,-6.80012242098024e-004	-1.15337740891568e+000,4.00287239759723e+000	2.44635753750785e-008,1.71767207394350e-009
2.17086923195408e+004	-1.10413234214978e+000,3.92648932430652e+000	2.39241090829405e-003,-6.67674789916852e-004	-1.10522777897859e+000,3.92637880388133e+000	2.44636111321962e-008,1.75726715956520e-009
2.22092888996636e+004	-1.05781052933421e+000,3.85089742852645e+000	2.38471540069172e-003,-6.55495759763885e-004	-1.05890743901895e+000,3.85078966972082e+000	2.44636482231337e-008,1.79777550701611e-009
2.27214291016840e+004	-1.01326121144714e+000,3.77623509009684e+000	2.37731376922572e-003,-6.43479496891281e-004	-1.01435953706546e+000,3.77613007151069e+000	2.44636867217167e-008,1.83921817560635e-009
2.32453791184046e+004	-9.70428258574424e-001,3.70252464646120e+000	2.37019668013502e-003,-6.31629897057875e-004	-9.71527944728370e-001,3.70242234522172e+000	2.44637267050633e-008,1.88161670987678e-009
2.37814112809617e+004	-9.29256351470129e-001,3.62978582347804e+000	2.36335493672978e-003,-6.19950437494109e-004	-9.30357344650031e-001,3.62968621676575e+000	2.44637682536036e-008,1.92499315094970e-009
2.43298042003743e+004	-8.89691058650309e-001,3.55803586815889e+000	2.35677948574386e-003,-6.08444177738758e-004	-8.90793306829060e-001,3.55793893183078e+000	2.44638114509693e-008,1.96937004787569e-009
2.48908429123560e+004	-8.51678903708118e-001,3.48728966962540e+000	2.35046144061226e-003,-5.97113821931788e-004	-8.52782357328168e-001,3.48719538238405e+000	2.44638563847513e-008,2.01477046946259e-009
2.54648190254673e+004	-8.15167423911529e-001,3.41755989730791e+000	2.34439206702120e-003,-5.85961657331245e-004	-8.16272034134020e-001,3.41746823385878e+000	2.44639031461707e-008,2.06121801612131e-009
2.60520308726829e+004	-7.80105220033173e-001,3.34885710747559e+000	2.33856282104941e-003,-5.74989677473788e-004	-7.81210940355773e-001,3.34876804534404e+000	2.44639518304003e-008,2.10873683224374e-009
2.66527836664557e+004	-7.46441998660260e-001,3.28118987707605e+000	2.33296532987634e-003,-5.64199510641862e-004	-7.47548783597151e-001,3.28110339130483e+000	2.44640025365806e-008,2.15735161881341e-009
2.72673896573550e+004	-7.14128606993245e-001,3.21456490787895e+000	2.32759141985138e-003,-5.53592518792410e-004	-7.15236413226056e-001,3.21448097622260e+000	2.44640553687673e-008,2.20708764603942e-009
2.78961682963640e+004	-6.83117061068456e-001,3.14898715133818e+000	2.32243309972624e-003,-5.43169738831638e-004	-6.84225846236437e-001,3.14890574917181e+000	2.44641104352440e-008,2.25797076674224e-009
2.85394464009193e+004	-6.53360567615243e-001,3.08445990896585e+000	2.31748258012214e-003,-5.32931958520747e-004	-6.54470290862379e-001,3.08438101187888e+000	2.44641678486462e-008,2.31002742958454e-009
2.91975583247792e+004	-6.24813540295654e-001,3.02098493817735e+000	2.31273227537738e-003,-5.22879732794306e-004	-6.25924162699169e-001,3.02090852431298e+000	2.44642277271603e-008,2.36328469297335e-009
2.98708461318095e+004	-5.97431610675688e-001,2.95856256206448e+000	2.30817479133476e-003,-5.13013346435118e-004	-5.98543094185734e-001,2.95848860733365e+000	2.44642901940995e-008,2.41777023900514e-009
3.05596597737762e+004	-5.71171634404772e-001,2.89719175752114e+000	2.30380294271909e-003,-5.03332893708943e-004	-5.72283942542074e-001,2.89712023916482e+000	2.44643553781078e-008,2.47351238799383e-009
3.12643572722385e+004	-5.45991693088817e-001,2.83687025437814e+000	2.29960974416380e-003,-4.93838258393210e-004	-5.47104790645679e-001,2.83680114977056e+000	2.44644234137643e-008,2.53054011293947e-009
3.19853049046360e+004	-5.21851092202479e-001,2.77759462253480e+000	2.29558841399308e-003,-4.84529145389201e-004	-5.22964945399095e-001,2.77752791025994e+000	2.44644944414779e-008,2.58888305488366e-009
3.27228773946671e+004	-4.98710355484569e-001,2.71936036137212e+000	2.29173236731747e-003,-4.75405070687871e-004	-4.99824931504514e-001,2.71929601902402e+000	2.44645686079894e-008,2.64857153815594e-009
3.34774581070577e+004	-4.76531216170302e-001,2.66216197777672e+000	2.28803522070840e-003,-4.66465400426306e-004	-4.77646483338700e-001,2.66209998308271e+000	2.44646460664622e-008,2.70963658616505e-009
3.42494392468203e+004	-4.55276605389289e-001,2.60599306304306e+000	2.28449079156336e-003,-4.57709370491516e-004	-4.56392533482967e-001,2.60593339588490e+000	2.44647269775850e-008,2.77210993736567e-009
3.50392220631094e+004	-4.34910638039697e-001,2.55084637159819e+000	2.28109308831864e-003,-4.49136067418167e-004	-4.36027197848782e-001,2.55078901186298e+000	2.44648115084865e-008,2.83602406207397e-009
3.58472170577764e+004	-4.15398596469191e-001,2.49671388995416e+000	2.27783630992845e-003,-4.40744449050946e-004	-4.16515759602360e-001,2.49665881657145e+000	2.44648998342408e-008,2.90141217902231e-009
3.66738441987345e+004	-3.96706912268872e-001,2.44358689901991e+000	2.27471484945976e-003,-4.32533385858743e-004	-3.97824651607393e-001,2.44353409289224e+000	2.44649921381617e-008,2.96830827276971e-009
3.75195331382435e+004	-3.78803146328117e-001,2.39145604063678e+000	2.27172328520896e-003,-4.24501647582666e-004	-3.79921435935699e-001,2.39140548448129e+000	2.44650886111926e-008,3.03674711134874e-009
3.83847234362285e+004	-3.61655967454240e-001,2.34031138117983e+000	2.26885637120929e-003,-4.16647885830193e-004	-3.62774781936488e-001,2.34026305574781e+000	2.44651894535287e-008,3.10676426429027e-009
3.92698647887473e+004	-3.45235129875516e-001,2.29014245856073e+000	2.26610904732262e-003,-4.08970707432731e-004	-3.46354445069582e-001,2.29009634724632e+000	2.44652948743761e-008,3.17839612109485e-009
4.01754172617277e+004	-3.29511449605020e-001,2.24093834442218e+000	2.26347642164828e-003,-4.01468620848019e-004	-3.30631241970249e-001,2.24089442956607e+000	2.44654050922704e-008,3.25167991015912e-009
4.11018515300932e+004	-3.14456780060552e-001,2.19268768709713e+000	2.26095377652249e-003,-3.94140091661416e-004	-3.15577027041410e-001,2.19264595262737e+000	2.44655203359970e-008,3.32665371809182e-009
4.20496491224040e+004	-3.00043986978499e-001,2.14537876249668e+000	2.25853655855206e-003,-3.86983523987996e-004	-3.01164666819827e-001,2.14533919296313e+000	2.44656408446077e-008,3.40335650947869e-009
4.30193026711389e+004	-2.86246922841092e-001,2.09899951627666e+000	2.25622037695333e-003,-3.79997280768055e-004	-2.87368014655451e-001,2.09896209761040e+000	2.44657668683206e-008,3.48182814717186e-009
4.40113161687485e+004	-2.73040400904805e-001,2.05353760783553e+000	2.25400099537937e-003,-3.73179672393855e-004	-2.74161884401866e-001,2.05350232563477e+000	2.44658986684527e-008,3.56210941289968e-009
4.50262052296131e+004	-2.60400169018162e-001,2.00898044539900e+000	2.25187433243318e-003,-3.66528987488512e-004	-2.61522024687847e-001,2.00894728651066e+000	2.44660365191211e-008,3.64424202850728e-009
4.60644973580413e+004	-2.48302883282429e-001,1.96531522484486e+000	2.24983645353272e-003,-3.60043481353234e-004	-2.49425092244999e-001,1.96528417649041e+000	2.44661807060884e-008,3.72826867757458e-009
4.71267322224487e+004	-2.36726081704164e-001,1.92252896094620e+000	2.24788356983677e-003,-3.53721398903675e-004	-2.37848625859368e-001,1.92250001217343e+000	2.44663315289533e-008,3.81423302760500e-009
4.82134619358586e+004	-2.25648157843821e-001,1.88060852376424e+000	2.24601202705250e-003,-3.47560945876141e-004	-2.26771019459383e-001,1.88058166236409e+000	2.44664893006444e-008,3.90217975269473e-009
4.93252513428716e+004	-2.15048334747724e-001,1.83954065911811e+000	2.24421831301546e-003,-3.41560355951764e-004	-2.16171497042455e-001,1.83951587671586e+000	2.44666543490452e-008,3.99215455665474e-009
5.04626783132520e+004	-2.04906638870735e-001,1.79931202700202e+000	2.24249903806216e-003,-3.35717816932649e-004	-2.06030085358325e-001,1.79928931383073e+000	2.44668270165866e-008,4.08420419682056e-009
5.16263340422851e+004	-1.95203874496290e-001,1.75990921817853e+000	2.24085094244825e-003,-3.30031536410658e-004	-1.96327589293107e-001,1.75988856591262e+000	2.44670076621619e-008,4.17837650820779e-009
5.28168233580593e+004	-1.85921598350649e-001,1.72131878156903e+000	2.23927088670490e-003,-3.24499718528504e-004	-1.87045566053320e-001,1.72130018251724e+000	2.44671966607064e-008,4.27472042845001e-009
5.40347650358356e+004	-1.77042094634743e-001,1.68352724517503e+000	2.23775584836201e-003,-3.19120572940825e-004	-1.78166300286742e-001,1.68351069220788e+000	2.44673944046374e-008,4.37328602311783e-009
5.52807921196654e+004	-1.68548350494978e-001,1.64652113476350e+000	2.23630291953214e-003,-3.13892328323241e-004	-1.69672779684286e-001,1.64650662252279e+000	2.44676013047057e-008,4.47412451169501e-009
5.65555522514248e+004	-1.60424031890530e-001,1.61028699519723e+000	2.23490929900582e-003,-3.08813215526667e-004	-1.61548670572668e-001,1.61027451867234e+000	2.44678177905371e-008,4.57728829413480e-009
5.78597080074365e+004	-1.52653460011891e-001,1.57481140534080e+000	2.23357229097815e-003,-3.03881485933382e-004	-1.53778294542467e-001,1.57480096042495e+000	2.44680443117027e-008,4.68283097811306e-009
5.91939372428544e+004	-1.45221588162987e-001,1.54008099442247e+000	2.23228930005151e-003,-2.99095408828999e-004	-1.46346605261987e-001,1.54007257780895e+000	2.44682813385734e-008,4.79080740670746e-009
6.05589334439890e+004	-1.38113979194844e-001,1.50608245637000e+000	2.23105782734353e-003,-2.94453274500684e-004	-1.39239165913549e-001,1.50607606545533e+000	2.44685293631861e-008,4.90127368696193e-009
6.19554060887579e+004	-1.31316783480277e-001,1.47280256232258e+000	2.22987546738043e-003,-2.89953400621901e-004	-1.32442127220579e-001,1.47279819568755e+000	2.44687889007948e-008,5.01428721888427e-009
6.33840810154475e+004	-1.24816717440578e-001,1.44022817325999e+000	2.22873990348796e-003,-2.85594130114097e-004	-1.25942205916376e-001,1.44022583053545e+000	2.44690604899018e-008,5.12990672526701e-009
6.48457007999794e+004	-1.18601042642280e-001,1.40834625088941e+000	2.22764890410884e-003,-2.81373833203470e-004	-1.19726663843923e-001,1.40834593263093e+000	2.44693446945756e-008,5.24819228206287e-009
6.63410251418751e+004	-1.12657545462843e-001,1.37714386752471e+000	2.22660031917350e-003,-2.77290908967965e-004	-1.13783287624328e-001,1.37714557509569e+000	2.44696421049585e-008,5.36920534957895e-009
6.78708312591218e+004	-1.06974517346509e-001,1.34660821501074e+000	2.22559207663295e-003,-2.73343787727425e-004	-1.08100368915169e-001,1.34661195047360e+000	2.44699533383127e-008,5.49300880429300e-009
6.94359142921437e+004	-1.01540735631602e-001,1.31672661222940e+000	2.22462217968155e-003,-2.69530936124232e-004	-1.02666685278471e-001,1.31673237875505e+000	2.44702790407048e-008,5.61966697145433e-009
7.10370877170881e+004	-9.63454449454661e-002,1.28748651290760e+000	2.22368870266357e-003,-2.65850854487090e-004	-9.74714815311384e-002,1.28749431463643e+000	2.44706198883141e-008,5.74924565838790e-009
7.26751837686427e+004	-9.13783391815826e-002,1.25887551205758e+000	2.22278978781596e-003,-2.62302078352160e-004	-9.25044517247418e-002,1.25888535396986e+000	2.44709765882848e-008,5.88181218858768e-009
7.43510538726023e+004	-8.66295440492175e-002,1.23088135119327e+000	2.22192364272271e-003,-2.58883183164577e-004	-8.77557217302319e-002,1.23089323946593e+000	2.44713498812159e-008,6.01743543659159e-009
7.60655690884103e+004	-8.20896001744265e-002,1.20349192392969e+000	2.22108853651386e-003,-2.55592781615572e-004	-8.32158323013639e-002,1.20350586578201e+000	2.44717405416339e-008,6.15618586363719e-009
7.78196205619057e+004	-7.77494467527872e-002,1.17669528088751e+000	2.22028279621196e-003,-2.52429521035852e-004	-7.88757227008929e-002,1.17671128398099e+000	2.44721493802577e-008,6.29813555413856e-009
7.96141199885098e+004	-7.36004057859680e-002,1.15047963205889e+000	2.21950480568965e-003,-2.49392095249957e-004	-7.47267150304166e-002,1.15049770529644e+000	2.44725772452833e-008,6.44335825302393e-009
8.14500000870939e+004	-6.96341668104439e-002,1.12483335113922e+000	2.21875300146111e-003,-2.46479237773044e-004	-7.07604988929868e-002,1.12485350449989e+000	2.44730250243749e-008,6.59192940385093e-009
8.33282150847746e+004	-6.58427721806025e-002,1.09974497786869e+000	2.21802587046674e-003,-2.43689725907193e-004	-6.69691167034083e-002,1.09976722268024e+000	2.44734936466447e-008,6.74392618788183e-009
8.52497412128879e+004	-6.22186028389255e-002,1.07520322173342e+000	2.21732194556882e-003,-2.41022371660056e-004	-6.33449493840941e-002,1.07522756965739e+000	2.44739840836526e-008,6.89942756400522e-009
8.72155772144009e+004	-5.87543646423234e-002,1.05119696203686e+000	2.21663980523972e-003,-2.38476035472969e-004	-5.98807027949319e-002,1.05122342578953e+000	2.44744973530510e-008,7.05851430956063e-009
8.92267448630234e+004	-5.54430751511286e-002,1.02771524949962e+000	2.21597807084996e-003,-2.36049625998391e-004	-5.65693945106179e-002,1.02774384348970e+000	2.44750345190836e-008,7.22126906210545e-009
9.12842894942912e+004	-5.22780508671938e-002,1.00474730953473e+000	2.21533540131842e-003,-2.33742085365728e-004	-5.34043409518724e-002,1.00477804847538e+000	2.44755966954720e-008,7.38777636216023e-009
9.33892805488949e+004	-4.92528950157875e-002,9.82282540483018e-001	2.21471049396615e-003,-2.31552407823292e-004	-5.03791452969539e-002,9.82315440434511e-001	2.44761850478381e-008,7.55812269685542e-009
9.55428121285386e+004	-4.63614857213836e-002,9.60310515401758e-001	2.21410208037777e-003,-2.29479630702085e-004	-4.74876855905383e-002,9.60345593577602e-001	2.44768007957189e-008,7.73239654466448e-009
9.77460035646163e+004	-4.35979646430377e-002,9.38820982629646e-001	2.21350892350762e-003,-2.27522832189007e-004	-4.47241033655004e-002,9.38858256852151e-001	2.44774452154782e-008,7.91068842107605e-009
1.00000000000000e+005	-4.09567260783510e-002,9.17803863787395e-001	2.21292981793847e-003,-2.25681145246507e-004	-4.20827928288980e-002,9.17843353776191e-001	2.44781196426704e-008,8.09309092533584e-009
