Freq.	V(vout)
1.00000000000000e+000	1.99999302589685e+000,-4.28108256012675e-003
1.02305972984251e+000	1.99999267933466e+000,-4.37980258577498e-003
1.04665121082543e+000	1.99999231660504e+000,-4.48079902737373e-003
1.07078670498640e+000	1.99999193695371e+000,-4.58412437554564e-003
1.09547875712233e+000	1.99999153959133e+000,-4.68983233112626e-003
1.12074020130978e+000	1.99999112369163e+000,-4.79797783305735e-003
1.14658416757562e+000	1.99999068838980e+000,-4.90861708692130e-003
1.17302408872161e+000	1.99999023278079e+000,-5.02180759413242e-003
1.20007370730629e+000	1.99998975591722e+000,-5.13760818180122e-003
1.22774708278787e+000	1.99998925680756e+000,-5.25607903328493e-003
1.25605859883189e+000	1.99998873441403e+000,-5.37728171944178e-003
1.28502297078731e+000	1.99998818765040e+000,-5.50127923060467e-003
1.31465525333508e+000	1.99998761537982e+000,-5.62813600928959e-003
1.34497084831302e+000	1.99998701641237e+000,-5.75791798365806e-003
1.37598551272117e+000	1.99998638950265e+000,-5.89069260174821e-003
1.40771536691173e+000	1.99998573334712e+000,-6.02652886649415e-003
1.44017690296786e+000	1.99998504658147e+000,-6.16549737155012e-003
1.47338699327572e+000	1.99998432777772e+000,-6.30767033793928e-003
1.50736289929412e+000	1.99998357544133e+000,-6.45312165154421e-003
1.54212228052647e+000	1.99998278800794e+000,-6.60192690146116e-003
1.57768320369952e+000	1.99998196384031e+000,-6.75416341923388e-003
1.61406415215389e+000	1.99998110122478e+000,-6.90991031899065e-003
1.65128403545104e+000	1.99998019836775e+000,-7.06924853850426e-003
1.68936219920179e+000	1.99997925339198e+000,-7.23226088119350e-003
1.72831843512153e+000	1.99997826433262e+000,-7.39903205909206e-003
1.76817299131726e+000	1.99997722913319e+000,-7.56964873680219e-003
1.80894658281185e+000	1.99997614564127e+000,-7.74419957646064e-003
1.85066040231103e+000	1.99997501160404e+000,-7.92277528373338e-003
1.89333613121855e+000	1.99997382466357e+000,-8.10546865487032e-003
1.93699595090551e+000	1.99997258235197e+000,-8.29237462483723e-003
1.98166255423942e+000	1.99997128208620e+000,-8.48359031655358e-003
2.02735915737920e+000	1.99996992116276e+000,-8.67921509125921e-003
2.07410951184210e+000	1.99996849675199e+000,-8.87935060003805e-003
2.12193791684895e+000	1.99996700589230e+000,-9.08410083652070e-003
2.17086923195407e+000	1.99996544548388e+000,-9.29357219079801e-003
2.22092888996634e+000	1.99996381228237e+000,-9.50787350456834e-003
2.27214291016839e+000	1.99996210289208e+000,-9.72711612754986e-003
2.32453791184044e+000	1.99996031375888e+000,-9.95141397518453e-003
2.37814112809615e+000	1.99995844116289e+000,-1.01808835876631e-002
2.43298042003741e+000	1.99995648121070e+000,-1.04156441903020e-002
2.48908429123558e+000	1.99995442982729e+000,-1.06558177553017e-002
2.54648190254671e+000	1.99995228274759e+000,-1.09015290649172e-002
2.60520308726827e+000	1.99995003550752e+000,-1.11529057760756e-002
2.66527836664555e+000	1.99994768343484e+000,-1.14100784864662e-002
2.72673896573548e+000	1.99994522163933e+000,-1.16731808021461e-002
2.78961682963638e+000	1.99994264500270e+000,-1.19423494066854e-002
2.85394464009191e+000	1.99993994816792e+000,-1.22177241318927e-002
2.91975583247790e+000	1.99993712552807e+000,-1.24994480301564e-002
2.98708461318093e+000	1.99993417121472e+000,-1.27876674484321e-002
3.05596597737760e+000	1.99993107908574e+000,-1.30825321039187e-002
3.12643572722382e+000	1.99992784271248e+000,-1.33841951614593e-002
3.19853049046357e+000	1.99992445536647e+000,-1.36928133127028e-002
3.27228773946669e+000	1.99992091000543e+000,-1.40085468570682e-002
3.34774581070574e+000	1.99991719925857e+000,-1.43315597845494e-002
3.42494392468201e+000	1.99991331541136e+000,-1.46620198604028e-002
3.50392220631091e+000	1.99990925038951e+000,-1.50000987117569e-002
3.58472170577761e+000	1.99990499574204e+000,-1.53459719161889e-002
3.66738441987342e+000	1.99990054262392e+000,-1.56998190923104e-002
3.75195331382433e+000	1.99989588177756e+000,-1.60618239924028e-002
3.83847234362282e+000	1.99989100351364e+000,-1.64321745971540e-002
3.92698647887470e+000	1.99988589769094e+000,-1.68110632125361e-002
4.01754172617274e+000	1.99988055369530e+000,-1.71986865688725e-002
4.11018515300929e+000	1.99987496041757e+000,-1.75952459221428e-002
4.20496491224037e+000	1.99986910623049e+000,-1.80009471575725e-002
4.30193026711386e+000	1.99986297896462e+000,-1.84160008955558e-002
4.40113161687482e+000	1.99985656588303e+000,-1.88406225999644e-002
4.50262052296127e+000	1.99984985365475e+000,-1.92750326888916e-002
4.60644973580409e+000	1.99984282832723e+000,-1.97194566478800e-002
4.71267322224483e+000	1.99983547529731e+000,-2.01741251456912e-002
4.82134619358582e+000	1.99982777928084e+000,-2.06392741526694e-002
4.93252513428712e+000	1.99981972428107e+000,-2.11151450617466e-002
5.04626783132516e+000	1.99981129355524e+000,-2.16019848121603e-002
5.16263340422846e+000	1.99980246958003e+000,-2.21000460159183e-002
5.28168233580588e+000	1.99979323401506e+000,-2.26095870870863e-002
5.40347650358351e+000	1.99978356766483e+000,-2.31308723739474e-002
5.52807921196649e+000	1.99977345043886e+000,-2.36641722940937e-002
5.65555522514243e+000	1.99976286131010e+000,-2.42097634725034e-002
5.78597080074360e+000	1.99975177827113e+000,-2.47679288826831e-002
5.91939372428539e+000	1.99974017828862e+000,-2.53389579909059e-002
6.05589334439885e+000	1.99972803725546e+000,-2.59231469036365e-002
6.19554060887574e+000	1.99971532994077e+000,-2.65207985181883e-002
6.33840810154470e+000	1.99970202993757e+000,-2.71322226766788e-002
6.48457007999789e+000	1.99968810960797e+000,-2.77577363233523e-002
6.63410251418746e+000	1.99967354002586e+000,-2.83976636653272e-002
6.78708312591213e+000	1.99965829091693e+000,-2.90523363368398e-002
6.94359142921431e+000	1.99964233059589e+000,-2.97220935670435e-002
7.10370877170875e+000	1.99962562590074e+000,-3.04072823514333e-002
7.26751837686421e+000	1.99960814212407e+000,-3.11082576269637e-002
7.43510538726017e+000	1.99958984294127e+000,-3.18253824509179e-002
7.60655690884097e+000	1.99957069033455e+000,-3.25590281836027e-002
7.78196205619051e+000	1.99955064451519e+000,-3.33095746749415e-002
7.96141199885091e+000	1.99952966384043e+000,-3.40774104550177e-002
8.14500000870932e+000	1.99950770472741e+000,-3.48629329286393e-002
8.33282150847739e+000	1.99948472156279e+000,-3.56665485740091e-002
8.52497412128872e+000	1.99946066660844e+000,-3.64886731455348e-002
8.72155772144001e+000	1.99943548990253e+000,-3.73297318808803e-002
8.92267448630226e+000	1.99940913915605e+000,-3.81901597122948e-002
9.12842894942904e+000	1.99938155964476e+000,-3.90704014822996e-002
9.33892805488941e+000	1.99935269409580e+000,-3.99709121637955e-002
9.55428121285378e+000	1.99932248256932e+000,-4.08921570846454e-002
9.77460035646155e+000	1.99929086233446e+000,-4.18346121568054e-002
1.00000000000000e+001	1.99925776773969e+000,-4.27987641100500e-002
1.02305972984251e+001	1.99922313007711e+000,-4.37851107303662e-002
1.04665121082543e+001	1.99918687744043e+000,-4.47941611030552e-002
1.07078670498640e+001	1.99914893457646e+000,-4.58264358606083e-002
1.09547875712234e+001	1.99910922272967e+000,-4.68824674354026e-002
1.12074020130978e+001	1.99906765947967e+000,-4.79628003172627e-002
1.14658416757563e+001	1.99902415857098e+000,-4.90679913159440e-002
1.17302408872162e+001	1.99897862973521e+000,-5.01986098285579e-002
1.20007370730629e+001	1.99893097850476e+000,-5.13552381120027e-002
1.22774708278787e+001	1.99888110601824e+000,-5.25384715604032e-002
1.25605859883189e+001	1.99882890881653e+000,-5.37489189876179e-002
1.28502297078731e+001	1.99877427863023e+000,-5.49872029148086e-002
1.31465525333509e+001	1.99871710215516e+000,-5.62539598630892e-002
1.34497084831303e+001	1.99865726082143e+000,-5.75498406513053e-002
1.37598551272118e+001	1.99859463054801e+000,-5.88755106988781e-002
1.40771536691173e+001	1.99852908148803e+000,-6.02316503337602e-002
1.44017690296787e+001	1.99846047776197e+000,-6.16189551054587e-002
1.47338699327573e+001	1.99838867717860e+000,-6.30381361031176e-002
1.50736289929413e+001	1.99831353094308e+000,-6.44899202786148e-002
1.54212228052647e+001	1.99823488335179e+000,-6.59750507746296e-002
1.57768320369953e+001	1.99815257147305e+000,-6.74942872576213e-002
1.61406415215390e+001	1.99806642481348e+000,-6.90484062556394e-002
1.65128403545105e+001	1.99797626496882e+000,-7.06382015009015e-002
1.68936219920180e+001	1.99788190525906e+000,-7.22644842769921e-002
1.72831843512154e+001	1.99778315034678e+000,-7.39280837706225e-002
1.76817299131726e+001	1.99767979583816e+000,-7.56298474277477e-002
1.80894658281186e+001	1.99757162786602e+000,-7.73706413139246e-002
1.85066040231103e+001	1.99745842265351e+000,-7.91513504787308e-002
1.89333613121855e+001	1.99733994605843e+000,-8.09728793240100e-002
1.93699595090551e+001	1.99721595309665e+000,-8.28361519757472e-002
1.98166255423943e+001	1.99708618744419e+000,-8.47421126592891e-002
2.02735915737920e+001	1.99695038091605e+000,-8.66917260776467e-002
2.07410951184210e+001	1.99680825292311e+000,-8.86859777925612e-002
2.12193791684896e+001	1.99665950990282e+000,-9.07258746079666e-002
2.17086923195407e+001	1.99650384472550e+000,-9.28124449554504e-002
2.22092888996635e+001	1.99634093607325e+000,-9.49467392813505e-002
2.27214291016839e+001	1.99617044779159e+000,-9.71298304349218e-002
2.32453791184045e+001	1.99599202821181e+000,-9.93628140571392e-002
2.37814112809616e+001	1.99580530944304e+000,-1.01646808969542e-001
2.43298042003741e+001	1.99560990663310e+000,-1.03982957562478e-001
2.48908429123559e+001	1.99540541719667e+000,-1.06372426182137e-001
2.54648190254672e+001	1.99519142000736e+000,-1.08816405515561e-001
2.60520308726828e+001	1.99496747455800e+000,-1.11316110972942e-001
2.66527836664556e+001	1.99473312008003e+000,-1.13872783066211e-001
2.72673896573548e+001	1.99448787462621e+000,-1.16487687783111e-001
2.78961682963639e+001	1.99423123411211e+000,-1.19162116955586e-001
2.85394464009192e+001	1.99396267131718e+000,-1.21897388621581e-001
2.91975583247791e+001	1.99368163484096e+000,-1.24694847378842e-001
2.98708461318094e+001	1.99338754801380e+000,-1.27555864729581e-001
3.05596597737761e+001	1.99307980776256e+000,-1.30481839414566e-001
3.12643572722383e+001	1.99275778342447e+000,-1.33474197735068e-001
3.19853049046358e+001	1.99242081551291e+000,-1.36534393861198e-001
3.27228773946670e+001	1.99206821442881e+000,-1.39663910124687e-001
3.34774581070575e+001	1.99169925911701e+000,-1.42864257294383e-001
3.42494392468202e+001	1.99131319566795e+000,-1.46136974832394e-001
3.50392220631093e+001	1.99090923585683e+000,-1.49483631128629e-001
3.58472170577762e+001	1.99048655562598e+000,-1.52905823711554e-001
3.66738441987343e+001	1.99004429350038e+000,-1.56405179432479e-001
3.75195331382434e+001	1.98958154893950e+000,-1.59983354620793e-001
3.83847234362283e+001	1.98909738062014e+000,-1.63642035207195e-001
3.92698647887472e+001	1.98859080465088e+000,-1.67382936811924e-001
4.01754172617275e+001	1.98806079271192e+000,-1.71207804794488e-001
4.11018515300930e+001	1.98750627012147e+000,-1.75118414261535e-001
4.20496491224038e+001	1.98692611382491e+000,-1.79116570029001e-001
4.30193026711388e+001	1.98631915030305e+000,-1.83204106534338e-001
4.40113161687483e+001	1.98568415339953e+000,-1.87382887694738e-001
4.50262052296129e+001	1.98501984206305e+000,-1.91654806706522e-001
4.60644973580411e+001	1.98432487800369e+000,-1.96021785780811e-001
4.71267322224485e+001	1.98359786325805e+000,-2.00485775810237e-001
4.82134619358584e+001	1.98283733766495e+000,-2.05048755961027e-001
4.93252513428714e+001	1.98204177624601e+000,-2.09712733184521e-001
5.04626783132518e+001	1.98120958649058e+000,-2.14479741641770e-001
5.16263340422848e+001	1.98033910554269e+000,-2.19351842034332e-001
5.28168233580590e+001	1.97942859728760e+000,-2.24331120834234e-001
5.40347650358353e+001	1.97847624933678e+000,-2.29419689405332e-001
5.52807921196651e+001	1.97748016990835e+000,-2.34619683007995e-001
5.65555522514245e+001	1.97643838460391e+000,-2.39933259678612e-001
5.78597080074362e+001	1.97534883307756e+000,-2.45362598974577e-001
5.91939372428541e+001	1.97420936559823e+000,-2.50909900575382e-001
6.05589334439887e+001	1.97301773950279e+000,-2.56577382729420e-001
6.19554060887576e+001	1.97177161554273e+000,-2.62367280535824e-001
6.33840810154473e+001	1.97046855411927e+000,-2.68281844049924e-001
6.48457007999791e+001	1.96910601141328e+000,-2.74323336200352e-001
6.63410251418748e+001	1.96768133540518e+000,-2.80494030505109e-001
6.78708312591215e+001	1.96619176179081e+000,-2.86796208573352e-001
6.94359142921434e+001	1.96463440979244e+000,-2.93232157378938e-001
7.10370877170878e+001	1.96300627786876e+000,-2.99804166290975e-001
7.26751837686424e+001	1.96130423932800e+000,-3.06514523846066e-001
7.43510538726019e+001	1.95952503784458e+000,-3.13365514246242e-001
7.60655690884099e+001	1.95766528289159e+000,-3.20359413565548e-001
7.78196205619054e+001	1.95572144508679e+000,-3.27498485648055e-001
7.96141199885094e+001	1.95368985146721e+000,-3.34784977678706e-001
8.14500000870935e+001	1.95156668069367e+000,-3.42221115408289e-001
8.33282150847742e+001	1.94934795820175e+000,-3.49809098012734e-001
8.52497412128875e+001	1.94702955130406e+000,-3.57551092566314e-001
8.72155772144005e+001	1.94460716426147e+000,-3.65449228107809e-001
8.92267448630230e+001	1.94207633333582e+000,-3.73505589278102e-001
9.12842894942907e+001	1.93943242183825e+000,-3.81722209506527e-001
9.33892805488944e+001	1.93667061519579e+000,-3.90101063723893e-001
9.55428121285382e+001	1.93378591605376e+000,-3.98644060578602e-001
9.77460035646158e+001	1.93077313943562e+000,-4.07353034132175e-001
1.00000000000001e+002	1.92762690798941e+000,-4.16229735011127e-001
1.02305972984252e+002	1.92434164734297e+000,-4.25275820990277e-001
1.04665121082543e+002	1.92091158160533e+000,-4.34492846984656e-001
1.07078670498640e+002	1.91733072904064e+000,-4.43882254425419e-001
1.09547875712234e+002	1.91359289795831e+000,-4.53445359997118e-001
1.12074020130979e+002	1.90969168285343e+000,-4.63183343712867e-001
1.14658416757563e+002	1.90562046084637e+000,-4.73097236306178e-001
1.17302408872162e+002	1.90137238846489e+000,-4.83187905917953e-001
1.20007370730630e+002	1.89694039882459e+000,-4.93456044059581e-001
1.22774708278788e+002	1.89231719925819e+000,-5.03902150834062e-001
1.25605859883189e+002	1.88749526945833e+000,-5.14526519399779e-001
1.28502297078732e+002	1.88246686019439e+000,-5.25329219663362e-001
1.31465525333509e+002	1.87722399267568e+000,-5.36310081192127e-001
1.34497084831303e+002	1.87175845863038e+000,-5.47468675338504e-001
1.37598551272118e+002	1.86606182118181e+000,-5.58804296574195e-001
1.40771536691174e+002	1.86012541660446e+000,-5.70315943036253e-001
1.44017690296787e+002	1.85394035704499e+000,-5.82002296291237e-001
1.47338699327573e+002	1.84749753430361e+000,-5.93861700331021e-001
1.50736289929413e+002	1.84078762477159e+000,-6.05892139819898e-001
1.54212228052648e+002	1.83380109562603e+000,-6.18091217619369e-001
1.57768320369953e+002	1.82652821238819e+000,-6.30456131626189e-001
1.61406415215391e+002	1.81895904795279e+000,-6.42983650967212e-001
1.65128403545105e+002	1.81108349320558e+000,-6.55670091605913e-001
1.68936219920180e+002	1.80289126933885e+000,-6.68511291424243e-001
1.72831843512154e+002	1.79437194198719e+000,-6.81502584856919e-001
1.76817299131727e+002	1.78551493730161e+000,-6.94638777167235e-001
1.80894658281187e+002	1.77630956008003e+000,-7.07914118466609e-001
1.85066040231104e+002	1.76674501407671e+000,-7.21322277595124e-001
1.89333613121856e+002	1.75681042460424e+000,-7.34856315995193e-001
1.93699595090552e+002	1.74649486354613e+000,-7.48508661727314e-001
1.98166255423943e+002	1.73578737688546e+000,-7.62271083792156e-001
2.02735915737921e+002	1.72467701485841e+000,-7.76134666943035e-001
2.07410951184211e+002	1.71315286482026e+000,-7.90089787188357e-001
2.12193791684897e+002	1.70120408691435e+000,-8.04126088204195e-001
2.17086923195408e+002	1.68881995261306e+000,-8.18232458894224e-001
2.22092888996636e+002	1.67598988618623e+000,-8.32397012353336e-001
2.27214291016840e+002	1.66270350913761e+000,-8.46607066509515e-001
2.32453791184046e+002	1.64895068762625e+000,-8.60849126736406e-001
2.37814112809617e+002	1.63472158286811e+000,-8.75108870745144e-001
2.43298042003742e+002	1.62000670448541e+000,-8.89371136080798e-001
2.48908429123560e+002	1.60479696674441e+000,-9.03619910560435e-001
2.54648190254672e+002	1.58908374758609e+000,-9.17838326004699e-001
2.60520308726829e+002	1.57285895032424e+000,-9.32008655621523e-001
2.66527836664557e+002	1.55611506783853e+000,-9.46112315406909e-001
2.72673896573549e+002	1.53884524906344e+000,-9.60129869933546e-001
2.78961682963640e+002	1.52104336751396e+000,-9.74041042891763e-001
2.85394464009193e+002	1.50270409155610e+000,-9.87824732745972e-001
2.91975583247792e+002	1.48382295607720e+000,-1.00145903385551e+000
2.98708461318095e+002	1.46439643516426e+000,-1.01492126339489e+000
3.05596597737762e+002	1.44442201535053e+000,-1.02818799438381e+000
3.12643572722384e+002	1.42389826893808e+000,-1.04123509510958e+000
3.19853049046359e+002	1.40282492686056e+000,-1.05403777518883e+000
3.27228773946671e+002	1.38120295050203e+000,-1.06657063847295e+000
3.34774581070576e+002	1.35903460184122e+000,-1.07880774295076e+000
3.42494392468203e+002	1.33632351125829e+000,-1.09072266774827e+000
3.50392220631094e+002	1.31307474229611e+000,-1.10228858725711e+000
3.58472170577763e+002	1.28929485264755e+000,-1.11347835235845e+000
3.66738441987344e+002	1.26499195061317e+000,-1.12426457862727e+000
3.75195331382435e+002	1.24017574625991e+000,-1.13461974132476e+000
3.83847234362284e+002	1.21485759650839e+000,-1.14451627689545e+000
3.92698647887473e+002	1.18905054337954e+000,-1.15392669059996e+000
4.01754172617276e+002	1.16276934464834e+000,-1.16282366981740e+000
4.11018515300931e+002	1.13603049618128e+000,-1.17118020246105e+000
4.20496491224040e+002	1.10885224526848e+000,-1.17896969985429e+000
4.30193026711389e+002	1.08125459432609e+000,-1.18616612332830e+000
4.40113161687485e+002	1.05325929439334e+000,-1.19274411370794e+000
4.50262052296130e+002	1.02488982794211e+000,-1.19867912278017e+000
4.60644973580413e+002	9.96171380594154e-001,-1.20394754575794e+000
4.71267322224486e+002	9.67130801451222e-001,-1.20852685369583e+000
4.82134619358586e+002	9.37796551845741e-001,-1.21239572475507e+000
4.93252513428715e+002	9.08198642445332e-001,-1.21553417318116e+000
5.04626783132520e+002	8.78368558767092e-001,-1.21792367482894e+000
5.16263340422850e+002	8.48339175290414e-001,-1.21954728806455e+000
5.28168233580592e+002	8.18144658490583e-001,-1.22038976887605e+000
5.40347650358355e+002	7.87820359247296e-001,-1.22043767905498e+000
5.52807921196653e+002	7.57402695221582e-001,-1.21967948634950e+000
5.65555522514247e+002	7.26929023911900e-001,-1.21810565554919e+000
5.78597080074364e+002	6.96437507230344e-001,-1.21570872954030e+000
5.91939372428543e+002	6.65966968546721e-001,-1.21248339946008e+000
6.05589334439890e+002	6.35556743244980e-001,-1.20842656318328e+000
6.19554060887578e+002	6.05246523929733e-001,-1.20353737149916e+000
6.33840810154475e+002	5.75076201479294e-001,-1.19781726145683e+000
6.48457007999794e+002	5.45085703207211e-001,-1.19126997650347e+000
6.63410251418750e+002	5.15314829414567e-001,-1.18390157317731e+000
6.78708312591217e+002	4.85803089647143e-001,-1.17572041426514e+000
6.94359142921436e+002	4.56589539950896e-001,-1.16673714848004e+000
7.10370877170880e+002	4.27712622414883e-001,-1.15696467685849e+000
7.26751837686426e+002	3.99210008237114e-001,-1.14641810621533e+000
7.43510538726022e+002	3.71118445501616e-001,-1.13511469012378e+000
7.60655690884102e+002	3.43473612778836e-001,-1.12307375801000e+000
7.78196205619056e+002	3.16309979578250e-001,-1.11031663305992e+000
7.96141199885097e+002	2.89660674584477e-001,-1.09686653973216e+000
8.14500000870938e+002	2.63557362504151e-001,-1.08274850175065e+000
8.33282150847744e+002	2.38030130238311e-001,-1.06798923151550e+000
8.52497412128878e+002	2.13107382975056e-001,-1.05261701192155e+000
8.72155772144008e+002	1.88815750686979e-001,-1.03666157160582e+000
8.92267448630233e+002	1.65180005390918e-001,-1.02015395466430e+000
9.12842894942911e+002	1.42222989418009e-001,-1.00312638587942e+000
9.33892805488947e+002	1.19965554831784e-001,-9.85612132492669e-001
9.55428121285385e+002	9.84265140234873e-002,-9.67645363530231e-001
9.77460035646162e+002	7.76226014224440e-002,-9.49261007657822e-001
1.00000000000001e+003	5.75684461683655e-002,-9.30494610497980e-001
1.02305972984252e+003	3.82765555136177e-002,-9.11382192292081e-001
1.04665121082544e+003	1.97573086601391e-002,-8.91960106732314e-001
1.07078670498641e+003	2.01896067083825e-003,-8.72264901733257e-001
1.09547875712234e+003	-1.49323439493235e-002,-8.52333182844428e-001
1.12074020130979e+003	-3.10925484437070e-002,-8.32201479948111e-001
1.14658416757563e+003	-4.64596522436402e-002,-8.11906117820967e-001
1.17302408872163e+003	-6.10336711515926e-002,-7.91483091079723e-001
1.20007370730630e+003	-7.48165897775482e-002,-7.70967943971528e-001
1.22774708278788e+003	-8.78123067520405e-002,-7.50395655418787e-001
1.25605859883190e+003	-1.00026573236040e-001,-7.29800529673556e-001
1.28502297078732e+003	-1.11466925255842e-001,-7.09216092895023e-001
1.31465525333510e+003	-1.22142610382698e-001,-6.88674995917779e-001
1.34497084831304e+003	-1.32064509276013e-001,-6.68208923444220e-001
1.37598551272119e+003	-1.41245052604191e-001,-6.47848509854637e-001
1.40771536691174e+003	-1.49698133849152e-001,-6.27623261805676e-001
1.44017690296788e+003	-1.57439018498097e-001,-6.07561487750413e-001
1.47338699327574e+003	-1.64484250120937e-001,-5.87690234491038e-001
1.50736289929414e+003	-1.70851553828672e-001,-5.68035230851359e-001
1.54212228052648e+003	-1.76559737604821e-001,-5.48620838527400e-001
1.57768320369954e+003	-1.81628592000547e-001,-5.29470010151560e-001
1.61406415215391e+003	-1.86078788684879e-001,-5.10604254580367e-001
1.65128403545106e+003	-1.89931778336871e-001,-4.92043609390651e-001
1.68936219920181e+003	-1.93209688368957e-001,-4.73806620538079e-001
1.72831843512155e+003	-1.95935220967046e-001,-4.55910329105755e-001
1.76817299131728e+003	-1.98131551928679e-001,-4.38370265038378e-001
1.80894658281188e+003	-1.99822230776881e-001,-4.21200447725407e-001
1.85066040231105e+003	-2.01031082618833e-001,-4.04413393262037e-001
1.89333613121857e+003	-2.01782112205928e-001,-3.88020128184979e-001
1.93699595090553e+003	-2.02099410640654e-001,-3.72030209441214e-001
1.98166255423944e+003	-2.02007065153761e-001,-3.56451750316062e-001
2.02735915737922e+003	-2.01529072356425e-001,-3.41291452010414e-001
2.07410951184212e+003	-2.00689255343915e-001,-3.26554640526472e-001
2.12193791684898e+003	-1.99511184998551e-001,-3.12245308486363e-001
2.17086923195409e+003	-1.98018105805119e-001,-2.98366161484579e-001
2.22092888996637e+003	-1.96232866454488e-001,-2.84918668547221e-001
2.27214291016841e+003	-1.94177855473176e-001,-2.71903116249020e-001
2.32453791184047e+003	-1.91874942070176e-001,-2.59318666025967e-001
2.37814112809618e+003	-1.89345422352185e-001,-2.47163414205307e-001
2.43298042003743e+003	-1.86609971008070e-001,-2.35434454270441e-001
2.48908429123561e+003	-1.83688598521960e-001,-2.24127940874907e-001
2.54648190254674e+003	-1.80600613923901e-001,-2.13239155122433e-001
2.60520308726830e+003	-1.77364593045268e-001,-2.02762570640241e-001
2.66527836664558e+003	-1.73998352200967e-001,-1.92691919983523e-001
2.72673896573551e+003	-1.70518927179764e-001,-1.83020260928898e-001
2.78961682963641e+003	-1.66942557385314e-001,-1.73740042235492e-001
2.85394464009194e+003	-1.63284674936578e-001,-1.64843168477981e-001
2.91975583247793e+003	-1.59559898503182e-001,-1.56321063585167e-001
2.98708461318096e+003	-1.55782031625239e-001,-1.48164732749901e-001
3.05596597737763e+003	-1.51964065244011e-001,-1.40364822407538e-001
3.12643572722386e+003	-1.48118184149733e-001,-1.32911678018399e-001
3.19853049046361e+003	-1.44255777040683e-001,-1.25795399421920e-001
3.27228773946672e+003	-1.40387449875468e-001,-1.19005893569206e-001
3.34774581070578e+003	-1.36523042195719e-001,-1.12532924475656e-001
3.42494392468205e+003	-1.32671646094781e-001,-1.06366160268550e-001
3.50392220631095e+003	-1.28841627508399e-001,-1.00495217242020e-001
3.58472170577765e+003	-1.25040649510502e-001,-9.49097008600871e-002
3.66738441987346e+003	-1.21275697303743e-001,-8.95992436814378e-002
3.75195331382437e+003	-1.17553104606521e-001,-8.45535402067570e-002
3.83847234362286e+003	-1.13878581150962e-001,-7.97623786746777e-002
3.92698647887475e+003	-1.10257241021621e-001,-7.52156698567225e-002
4.01754172617278e+003	-1.06693631581207e-001,-7.09034729206505e-002
4.11018515300933e+003	-1.03191762747712e-001,-6.68160184509772e-002
4.20496491224042e+003	-9.97551364055727e-002,-6.29437287300182e-002
4.30193026711391e+003	-9.63867757529140e-002,-5.92772353951898e-002
4.40113161687487e+003	-9.30892544060250e-002,-5.58073945993667e-002
4.50262052296133e+003	-8.98647251013129e-002,-5.25252998087417e-002
4.60644973580415e+003	-8.67149478538936e-002,-4.94222923776531e-002
4.71267322224489e+003	-8.36413174504625e-002,-4.64899700450904e-002
4.82134619358588e+003	-8.06448901709488e-002,-4.37201934979834e-002
4.93252513428718e+003	-7.77264096512296e-002,-4.11050911476773e-002
5.04626783132522e+003	-7.48863318140841e-002,-3.86370622638296e-002
5.16263340422852e+003	-7.21248488107321e-002,-3.63087786084802e-002
5.28168233580594e+003	-6.94419119287077e-002,-3.41131847092166e-002
5.40347650358358e+003	-6.68372534346280e-002,-3.20434969044790e-002
5.52807921196656e+003	-6.43104073315040e-002,-3.00932012914383e-002
5.65555522514250e+003	-6.18607290206318e-002,-2.82560506982070e-002
5.78597080074367e+003	-5.94874138673492e-002,-2.65260607978626e-002
5.91939372428546e+003	-5.71895146776149e-002,-2.48975054743431e-002
6.05589334439893e+003	-5.49659581001758e-002,-2.33649115427587e-002
6.19554060887581e+003	-5.28155599741768e-002,-2.19230529215873e-002
6.33840810154478e+003	-5.07370396481708e-002,-2.05669443447571e-002
6.48457007999797e+003	-4.87290333000563e-002,-1.92918346971538e-002
6.63410251418754e+003	-4.67901062915861e-002,-1.80932000484776e-002
6.78708312591221e+003	-4.49187645933221e-002,-1.69667364543547e-002
6.94359142921439e+003	-4.31134653186374e-002,-1.59083525881551e-002
7.10370877170883e+003	-4.13726264064594e-002,-1.49141622591748e-002
7.26751837686430e+003	-3.96946354936182e-002,-1.39804768684419e-002
7.43510538726025e+003	-3.80778580184354e-002,-1.31037978470835e-002
7.60655690884105e+003	-3.65206445970742e-002,-1.22808091176782e-002
7.78196205619060e+003	-3.50213377140492e-002,-1.15083696132786e-002
7.96141199885100e+003	-3.35782777678769e-002,-1.07835058854107e-002
8.14500000870941e+003	-3.21898085120347e-002,-1.01034048272163e-002
8.33282150847748e+003	-3.08542819303444e-002,-9.46540653430877e-003
8.52497412128882e+003	-2.95700625849173e-002,-8.86699732311481e-003
8.72155772144012e+003	-2.83355314733439e-002,-8.30580292183183e-003
8.92267448630237e+003	-2.71490894304566e-002,-7.77958184781509e-003
9.12842894942915e+003	-2.60091601085977e-002,-7.28621898087191e-003
9.33892805488952e+003	-2.49141925686477e-002,-6.82371934143393e-003
9.55428121285390e+003	-2.38626635125527e-002,-6.39020207864045e-003
9.77460035646166e+003	-2.28530791865569e-002,-5.98389467257749e-003
1.00000000000002e+004	-2.18839769826570e-002,-5.60312735318890e-003
1.02305972984252e+004	-2.09539267642024e-002,-5.24632773612145e-003
1.04665121082544e+004	-2.00615319401856e-002,-4.91201567523696e-003
1.07078670498641e+004	-1.92054303109693e-002,-4.59879833055285e-003
1.09547875712235e+004	-1.83842947069894e-002,-4.30536544814656e-003
1.12074020130980e+004	-1.75968334403308e-002,-4.03048484929296e-003
1.14658416757564e+004	-1.68417905877600e-002,-3.77299812449465e-003
1.17302408872163e+004	-1.61179461226887e-002,-3.53181652765077e-003
1.20007370730631e+004	-1.54241159117662e-002,-3.30591706505527e-003
1.22774708278789e+004	-1.47591515911930e-002,-3.09433877397795e-003
1.25605859883191e+004	-1.41219403363042e-002,-2.89617918479680e-003
1.28502297078733e+004	-1.35114045369779e-002,-2.71059096038604e-003
1.31465525333510e+004	-1.29265013905629e-002,-2.53677870695454e-003
1.34497084831305e+004	-1.23662224228457e-002,-2.37399594961831e-003
1.37598551272119e+004	-1.18295929467821e-002,-2.22154226657166e-003
1.40771536691175e+004	-1.13156714678957e-002,-2.07876057521416e-003
1.44017690296788e+004	-1.08235490444185e-002,-1.94503456419312e-003
1.47338699327574e+004	-1.03523486095160e-002,-1.81978626471407e-003
1.50736289929415e+004	-9.90122426226075e-003,-1.70247375532453e-003
1.54212228052649e+004	-9.46936053341096e-003,-1.59258899370066e-003
1.57768320369955e+004	-9.05597163141236e-003,-1.48965576969051e-003
1.61406415215392e+004	-8.66030067354895e-003,-1.39322777392164e-003
1.65128403545107e+004	-8.28161890662704e-003,-1.30288677609950e-003
1.68936219920182e+004	-7.91922492115504e-003,-1.21824090777705e-003
1.72831843512156e+004	-7.57244386245337e-003,-1.13892304405625e-003
1.76817299131729e+004	-7.24062664197528e-003,-1.06458927956954e-003
1.80894658281188e+004	-6.92314915136910e-003,-9.94917493283864e-004
1.85066040231105e+004	-6.61941148196959e-003,-9.29605997949673e-004
1.89333613121858e+004	-6.32883715160687e-003,-8.68372269318951e-004
1.93699595090554e+004	-6.05087234081292e-003,-8.10951751007954e-004
1.98166255423945e+004	-5.78498513983822e-003,-7.57096730773439e-004
2.02735915737923e+004	-5.53066480803238e-003,-7.06575284304822e-004
2.07410951184213e+004	-5.28742104660240e-003,-6.59170282760759e-004
2.12193791684899e+004	-5.05478328592018e-003,-6.14678460436352e-004
2.17086923195410e+004	-4.83229998801421e-003,-5.72909539159214e-004
2.22092888996638e+004	-4.61953796505554e-003,-5.33685406200820e-004
2.27214291016842e+004	-4.41608171430830e-003,-4.96839342525152e-004
2.32453791184048e+004	-4.22153276998083e-003,-4.62215298624639e-004
2.37814112809619e+004	-4.03550907226452e-003,-4.29667214913311e-004
2.43298042003744e+004	-3.85764435376557e-003,-3.99058384312211e-004
2.48908429123562e+004	-3.68758754345133e-003,-3.70260854333791e-004
2.54648190254675e+004	-3.52500218816632e-003,-3.43154866453605e-004
2.60520308726831e+004	-3.36956589168086e-003,-3.17628330426017e-004
2.66527836664559e+004	-3.22096977114522e-003,-2.93576331535503e-004
2.72673896573552e+004	-3.07891793089676e-003,-2.70900668712377e-004
2.78961682963642e+004	-2.94312695333437e-003,-2.49509421733417e-004
2.85394464009195e+004	-2.81332540672480e-003,-2.29316545627056e-004
2.91975583247795e+004	-2.68925336960102e-003,-2.10241490709463e-004
2.98708461318098e+004	-2.57066197155120e-003,-1.92208846621836e-004
3.05596597737765e+004	-2.45731294999246e-003,-1.75148008927232e-004
3.12643572722387e+004	-2.34897822267788e-003,-1.58992866831735e-004
3.19853049046362e+004	-2.24543947553491e-003,-1.43681510734342e-004
3.27228773946674e+004	-2.14648776549869e-003,-1.29155958394524e-004
3.34774581070579e+004	-2.05192313795211e-003,-1.15361898496450e-004
3.42494392468206e+004	-1.96155425841954e-003,-1.02248450609346e-004
3.50392220631097e+004	-1.87519805807357e-003,-8.97679404040473e-005
3.58472170577767e+004	-1.79267939274647e-003,-7.78756892474350e-005
3.66738441987348e+004	-1.71383071497355e-003,-6.65298172328223e-005
3.75195331382438e+004	-1.63849175871994e-003,-5.56910587951320e-005
3.83847234362288e+004	-1.56650923642543e-003,-4.53225901197243e-005
3.92698647887476e+004	-1.49773654791541e-003,-3.53898675860935e-005
4.01754172617280e+004	-1.43203350085896e-003,-2.58604765245724e-005
4.11018515300935e+004	-1.36926604237292e-003,-1.67039896892436e-005
4.20496491224044e+004	-1.30930600138152e-003,-7.89183473266439e-006
4.30193026711393e+004	-1.25203084141656e-003,6.02829823549006e-007
4.40113161687489e+004	-1.19732342343232e-003,8.80523072554346e-006
4.50262052296134e+004	-1.14507177837708e-003,1.67390886734835e-005
4.60644973580417e+004	-1.09516888906203e-003,2.44267201355668e-005
4.71267322224491e+004	-1.04751248112395e-003,3.18891326444130e-005
4.82134619358590e+004	-1.00200482263824e-003,3.91461140600673e-005
4.93252513428720e+004	-9.58552532147827e-004,4.62163161769787e-005
5.04626783132524e+004	-9.17066394778510e-004,5.31173330390565e-005
5.16263340422854e+004	-8.77461186093942e-004,5.98657743390851e-005
5.28168233580597e+004	-8.39655503503844e-004,6.64773341868714e-005
5.40347650358360e+004	-8.03571604823194e-004,7.29668555949567e-005
5.52807921196658e+004	-7.69135253827102e-004,7.93483909437356e-005
5.65555522514252e+004	-7.36275572434442e-004,8.56352587089090e-005
5.78597080074369e+004	-7.04924899351755e-004,9.18400967046540e-005
5.91939372428549e+004	-6.75018654881676e-004,9.79749120593038e-005
6.05589334439895e+004	-6.46495211680420e-004,1.04051128191979e-004
6.19554060887584e+004	-6.19295771229600e-004,1.10079628944791e-004
6.33840810154480e+004	-5.93364245813854e-004,1.16070800116566e-004
6.48457007999800e+004	-5.68647145761880e-004,1.22034568554641e-004
6.63410251418756e+004	-5.45093471817082e-004,1.27980438992800e-004
6.78708312591224e+004	-5.22654612345796e-004,1.33917528788975e-004
6.94359142921442e+004	-5.01284245298772e-004,1.39854600734138e-004
7.10370877170886e+004	-4.80938244657503e-004,1.45800094063508e-004
7.26751837686433e+004	-4.61574591263003e-004,1.51762153815849e-004
7.43510538726029e+004	-4.43153287814302e-004,1.57748658674704e-004
7.60655690884109e+004	-4.25636277916364e-004,1.63767247407805e-004
7.78196205619063e+004	-4.08987368989977e-004,1.69825344031670e-004
7.96141199885104e+004	-3.93172158935695e-004,1.75930181806006e-004
8.14500000870945e+004	-3.78157966393788e-004,1.82088826169109e-004
8.33282150847752e+004	-3.63913764483859e-004,1.88308196719750e-004
8.52497412128886e+004	-3.50410117867128e-004,1.94595088336254e-004
8.72155772144016e+004	-3.37619123078226e-004,2.00956191533284e-004
8.92267448630241e+004	-3.25514351936063e-004,2.07398112148684e-004
9.12842894942919e+004	-3.14070797994337e-004,2.13927390440856e-004
9.33892805488956e+004	-3.03264825895155e-004,2.20550519696154e-004
9.55428121285394e+004	-2.93074123531634e-004,2.27273964415228e-004
9.77460035646171e+004	-2.83477656963738e-004,2.34104178177971e-004
1.00000000000000e+005	-2.74455627955583e-004,2.41047621255472e-004
