Freq.	V(v0)
1.00000000000000e+002	1.91602825885235e-002,-2.22561751887679e-007
1.02305972984251e+002	1.91602825884091e-002,-2.27693965758169e-007
1.04665121082543e+002	1.91602825882894e-002,-2.32944527093914e-007
1.07078670498640e+002	1.91602825881641e-002,-2.38316164955486e-007
1.09547875712233e+002	1.91602825880330e-002,-2.43811671334853e-007
1.12074020130978e+002	1.91602825878957e-002,-2.49433902606564e-007
1.14658416757562e+002	1.91602825877521e-002,-2.55185781012393e-007
1.17302408872161e+002	1.91602825876017e-002,-2.61070296180219e-007
1.20007370730629e+002	1.91602825874443e-002,-2.67090506677931e-007
1.22774708278787e+002	1.91602825872796e-002,-2.73249541603168e-007
1.25605859883189e+002	1.91602825871072e-002,-2.79550602209715e-007
1.28502297078731e+002	1.91602825869268e-002,-2.85996963571400e-007
1.31465525333508e+002	1.91602825867379e-002,-2.92591976284373e-007
1.34497084831302e+002	1.91602825865402e-002,-2.99339068208621e-007
1.37598551272117e+002	1.91602825863333e-002,-3.06241746249657e-007
1.40771536691173e+002	1.91602825861168e-002,-3.13303598181288e-007
1.44017690296786e+002	1.91602825858902e-002,-3.20528294510412e-007
1.47338699327572e+002	1.91602825856529e-002,-3.27919590384826e-007
1.50736289929412e+002	1.91602825854046e-002,-3.35481327545017e-007
1.54212228052647e+002	1.91602825851448e-002,-3.43217436320970e-007
1.57768320369952e+002	1.91602825848728e-002,-3.51131937675017e-007
1.61406415215389e+002	1.91602825845881e-002,-3.59228945291791e-007
1.65128403545104e+002	1.91602825842901e-002,-3.67512667716383e-007
1.68936219920179e+002	1.91602825839783e-002,-3.75987410541792e-007
1.72831843512153e+002	1.91602825836519e-002,-3.84657578646830e-007
1.76817299131726e+002	1.91602825833102e-002,-3.93527678485619e-007
1.80894658281185e+002	1.91602825829527e-002,-4.02602320429896e-007
1.85066040231103e+002	1.91602825825784e-002,-4.11886221165321e-007
1.89333613121855e+002	1.91602825821867e-002,-4.21384206143049e-007
1.93699595090551e+002	1.91602825817767e-002,-4.31101212087834e-007
1.98166255423942e+002	1.91602825813476e-002,-4.41042289563964e-007
2.02735915737920e+002	1.91602825808985e-002,-4.51212605600374e-007
2.07410951184210e+002	1.91602825804284e-002,-4.61617446376288e-007
2.12193791684895e+002	1.91602825799364e-002,-4.72262219968787e-007
2.17086923195407e+002	1.91602825794214e-002,-4.83152459163750e-007
2.22092888996634e+002	1.91602825788824e-002,-4.94293824331598e-007
2.27214291016839e+002	1.91602825783182e-002,-5.05692106369361e-007
2.32453791184044e+002	1.91602825777278e-002,-5.17353229710583e-007
2.37814112809615e+002	1.91602825771098e-002,-5.29283255404644e-007
2.43298042003741e+002	1.91602825764630e-002,-5.41488384267078e-007
2.48908429123558e+002	1.91602825757859e-002,-5.53974960102546e-007
2.54648190254671e+002	1.91602825750773e-002,-5.66749473002124e-007
2.60520308726827e+002	1.91602825743357e-002,-5.79818562716629e-007
2.66527836664555e+002	1.91602825735595e-002,-5.93189022107732e-007
2.72673896573548e+002	1.91602825727470e-002,-6.06867800678650e-007
2.78961682963638e+002	1.91602825718966e-002,-6.20862008186263e-007
2.85394464009191e+002	1.91602825710066e-002,-6.35178918336511e-007
2.91975583247790e+002	1.91602825700750e-002,-6.49825972565023e-007
2.98708461318093e+002	1.91602825691000e-002,-6.64810783904913e-007
3.05596597737760e+002	1.91602825680795e-002,-6.80141140943771e-007
3.12643572722382e+002	1.91602825670114e-002,-6.95825011871902e-007
3.19853049046357e+002	1.91602825658935e-002,-7.11870548623918e-007
3.27228773946669e+002	1.91602825647234e-002,-7.28286091115825e-007
3.34774581070574e+002	1.91602825634987e-002,-7.45080171579829e-007
3.42494392468201e+002	1.91602825622169e-002,-7.62261518999089e-007
3.50392220631091e+002	1.91602825608753e-002,-7.79839063644745e-007
3.58472170577761e+002	1.91602825594711e-002,-7.97821941717560e-007
3.66738441987342e+002	1.91602825580014e-002,-8.16219500096600e-007
3.75195331382433e+002	1.91602825564632e-002,-8.35041301197420e-007
3.83847234362282e+002	1.91602825548531e-002,-8.54297127942274e-007
3.92698647887470e+002	1.91602825531680e-002,-8.73996988844941e-007
4.01754172617274e+002	1.91602825514043e-002,-8.94151123212799e-007
4.11018515300929e+002	1.91602825495582e-002,-9.14770006468865e-007
4.20496491224037e+002	1.91602825476261e-002,-9.35864355596554e-007
4.30193026711386e+002	1.91602825456038e-002,-9.57445134709997e-007
4.40113161687482e+002	1.91602825434872e-002,-9.79523560752804e-007
4.50262052296127e+002	1.91602825412718e-002,-1.00211110932824e-006
4.60644973580410e+002	1.91602825389531e-002,-1.02521952066386e-006
4.71267322224483e+002	1.91602825365262e-002,-1.04886080571364e-006
4.82134619358582e+002	1.91602825339861e-002,-1.07304725240087e-006
4.93252513428712e+002	1.91602825313275e-002,-1.09779143200502e-006
5.04626783132516e+002	1.91602825285449e-002,-1.12310620569579e-006
5.16263340422846e+002	1.91602825256324e-002,-1.14900473121795e-006
5.28168233580588e+002	1.91602825225841e-002,-1.17550046973024e-006
5.40347650358352e+002	1.91602825193936e-002,-1.20260719280205e-006
5.52807921196649e+002	1.91602825160542e-002,-1.23033898957137e-006
5.65555522514243e+002	1.91602825125591e-002,-1.25871027406785e-006
5.78597080074360e+002	1.91602825089009e-002,-1.28773579270469e-006
5.91939372428539e+002	1.91602825050720e-002,-1.31743063194333e-006
6.05589334439886e+002	1.91602825010645e-002,-1.34781022613486e-006
6.19554060887574e+002	1.91602824968701e-002,-1.37889036554225e-006
6.33840810154470e+002	1.91602824924800e-002,-1.41068720454759e-006
6.48457007999789e+002	1.91602824878850e-002,-1.44321727004853e-006
6.63410251418746e+002	1.91602824830758e-002,-1.47649747004846e-006
6.78708312591213e+002	1.91602824780421e-002,-1.51054510244461e-006
6.94359142921431e+002	1.91602824727737e-002,-1.54537786401896e-006
7.10370877170875e+002	1.91602824672594e-002,-1.58101385963636e-006
7.26751837686421e+002	1.91602824614879e-002,-1.61747161165483e-006
7.43510538726017e+002	1.91602824554472e-002,-1.65477006955281e-006
7.60655690884097e+002	1.91602824491247e-002,-1.69292861977844e-006
7.78196205619051e+002	1.91602824425072e-002,-1.73196709582596e-006
7.96141199885091e+002	1.91602824355810e-002,-1.77190578854445e-006
8.14500000870932e+002	1.91602824283316e-002,-1.81276545668429e-006
8.33282150847739e+002	1.91602824207441e-002,-1.85456733768686e-006
8.52497412128872e+002	1.91602824128027e-002,-1.89733315872297e-006
8.72155772144002e+002	1.91602824044907e-002,-1.94108514798588e-006
8.92267448630227e+002	1.91602823957910e-002,-1.98584604624474e-006
9.12842894942904e+002	1.91602823866854e-002,-2.03163911866444e-006
9.33892805488941e+002	1.91602823771550e-002,-2.07848816689799e-006
9.55428121285379e+002	1.91602823671801e-002,-2.12641754145779e-006
9.77460035646155e+002	1.91602823567398e-002,-2.17545215437216e-006
1.00000000000000e+003	1.91602823458124e-002,-2.22561749213371e-006
1.02305972984251e+003	1.91602823343753e-002,-2.27693962894630e-006
1.04665121082543e+003	1.91602823224046e-002,-2.32944524027750e-006
1.07078670498640e+003	1.91602823098754e-002,-2.38316161672352e-006
1.09547875712234e+003	1.91602822967618e-002,-2.43811667819392e-006
1.12074020130978e+003	1.91602822830364e-002,-2.49433898842329e-006
1.14658416757563e+003	1.91602822686707e-002,-2.55185776981775e-006
1.17302408872162e+003	1.91602822536348e-002,-2.61070291864361e-006
1.20007370730629e+003	1.91602822378975e-002,-2.67090502056643e-006
1.22774708278787e+003	1.91602822214259e-002,-2.73249536654829e-006
1.25605859883189e+003	1.91602822041860e-002,-2.79550596911174e-006
1.28502297078731e+003	1.91602821861419e-002,-2.85996957897868e-006
1.31465525333509e+003	1.91602821672559e-002,-2.92591970209304e-006
1.34497084831303e+003	1.91602821474889e-002,-2.99339061703593e-006
1.37598551272118e+003	1.91602821267997e-002,-3.06241739284234e-006
1.40771536691173e+003	1.91602821051454e-002,-3.13303590722880e-006
1.44017690296787e+003	1.91602820824808e-002,-3.20528286524123e-006
1.47338699327573e+003	1.91602820587590e-002,-3.27919581833288e-006
1.50736289929413e+003	1.91602820339304e-002,-3.35481318388219e-006
1.54212228052647e+003	1.91602820079436e-002,-3.43217426516067e-006
1.57768320369953e+003	1.91602819807445e-002,-3.51131927176132e-006
1.61406415215390e+003	1.91602819522765e-002,-3.59228934049799e-006
1.65128403545105e+003	1.91602819224805e-002,-3.67512655678683e-006
1.68936219920180e+003	1.91602818912944e-002,-3.75987397652058e-006
1.72831843512154e+003	1.91602818586534e-002,-3.84657564844748e-006
1.76817299131727e+003	1.91602818244897e-002,-3.93527663706608e-006
1.80894658281186e+003	1.91602817887322e-002,-4.02602304604802e-006
1.85066040231103e+003	1.91602817513067e-002,-4.11886204220095e-006
1.89333613121855e+003	1.91602817121351e-002,-4.21384187998401e-006
1.93699595090551e+003	1.91602816711362e-002,-4.31101192658861e-006
1.98166255423943e+003	1.91602816282246e-002,-4.41042268759753e-006
2.02735915737920e+003	1.91602815833111e-002,-4.51212583323577e-006
2.07410951184210e+003	1.91602815363023e-002,-4.61617422522663e-006
2.12193791684896e+003	1.91602814871006e-002,-4.72262194426718e-006
2.17086923195407e+003	1.91602814356035e-002,-4.83152431813718e-006
2.22092888996635e+003	1.91602813817040e-002,-4.94293795045621e-006
2.27214291016839e+003	1.91602813252901e-002,-5.05692075010401e-006
2.32453791184045e+003	1.91602812662443e-002,-5.17353196131900e-006
2.37814112809616e+003	1.91602812044440e-002,-5.29283219449111e-006
2.43298042003742e+003	1.91602811397607e-002,-5.41488345766447e-006
2.48908429123559e+003	1.91602810720598e-002,-5.53974918876656e-006
2.54648190254672e+003	1.91602810012005e-002,-5.66749428858064e-006
2.60520308726828e+003	1.91602809270357e-002,-5.79818515447832e-006
2.66527836664556e+003	1.91602808494109e-002,-5.93188971493007e-006
2.72673896573549e+003	1.91602807681648e-002,-6.06867746481151e-006
2.78961682963639e+003	1.91602806831285e-002,-6.20861950152376e-006
2.85394464009192e+003	1.91602805941251e-002,-6.35178856194671e-006
2.91975583247791e+003	1.91602805009697e-002,-6.49825906024443e-006
2.98708461318094e+003	1.91602804034684e-002,-6.64810712654219e-006
3.05596597737761e+003	1.91602803014186e-002,-6.80141064649550e-006
3.12643572722383e+003	1.91602801946080e-002,-6.95824930177140e-006
3.19853049046358e+003	1.91602800828146e-002,-7.11870461146327e-006
3.27228773946670e+003	1.91602799658059e-002,-7.28285997446060e-006
3.34774581070575e+003	1.91602798433386e-002,-7.45080071279564e-006
3.42494392468202e+003	1.91602797151580e-002,-7.62261411598975e-006
3.50392220631093e+003	1.91602795809977e-002,-7.79838948642206e-006
3.58472170577762e+003	1.91602794405786e-002,-7.97821818574445e-006
3.66738441987343e+003	1.91602792936088e-002,-8.16219368236665e-006
3.75195331382434e+003	1.91602791397828e-002,-8.35041160003631e-006
3.83847234362283e+003	1.91602789787805e-002,-8.54296976753918e-006
3.92698647887472e+003	1.91602788102673e-002,-8.73996826954535e-006
4.01754172617275e+003	1.91602786338927e-002,-8.94150949862781e-006
4.11018515300930e+003	1.91602784492900e-002,-9.14769820848046e-006
4.20496491224038e+003	1.91602782560755e-002,-9.35864156836326e-006
4.30193026711388e+003	1.91602780538472e-002,-9.57444921880264e-006
4.40113161687483e+003	1.91602778421847e-002,-9.79523332857633e-006
4.50262052296129e+003	1.91602776206480e-002,-1.00211086530120e-005
4.60644973580411e+003	1.91602773887763e-002,-1.02521925936302e-005
4.71267322224485e+003	1.91602771460874e-002,-1.04886052591625e-005
4.82134619358584e+003	1.91602768920769e-002,-1.07304695279764e-005
4.93252513428714e+003	1.91602766262165e-002,-1.09779111119394e-005
5.04626783132518e+003	1.91602763479534e-002,-1.12310586217563e-005
5.16263340422848e+003	1.91602760567089e-002,-1.14900436338120e-005
5.28168233580590e+003	1.91602757518776e-002,-1.17550007585562e-005
5.40347650358354e+003	1.91602754328255e-002,-1.20260677104643e-005
5.52807921196651e+003	1.91602750988893e-002,-1.23033853796114e-005
5.65555522514245e+003	1.91602747493746e-002,-1.25870979048970e-005
5.78597080074362e+003	1.91602743835546e-002,-1.28773527489572e-005
5.91939372428541e+003	1.91602740006686e-002,-1.31743007748046e-005
6.05589334439888e+003	1.91602735999206e-002,-1.34780963242348e-005
6.19554060887576e+003	1.91602731804772e-002,-1.37888972980408e-005
6.33840810154473e+003	1.91602727414663e-002,-1.41068652380769e-005
6.48457007999792e+003	1.91602722819751e-002,-1.44321654112140e-005
6.63410251418748e+003	1.91602718010480e-002,-1.47649668952306e-005
6.78708312591215e+003	1.91602712976851e-002,-1.51054426666849e-005
6.94359142921434e+003	1.91602707708397e-002,-1.54537696908110e-005
7.10370877170878e+003	1.91602702194165e-002,-1.58101290134891e-005
7.26751837686424e+003	1.91602696422686e-002,-1.61747058553347e-005
7.43510538726020e+003	1.91602690381962e-002,-1.65476897079580e-005
7.60655690884100e+003	1.91602684059431e-002,-1.69292744324415e-005
7.78196205619054e+003	1.91602677441947e-002,-1.73196583600880e-005
7.96141199885094e+003	1.91602670515749e-002,-1.77190443954911e-005
8.14500000870935e+003	1.91602663266437e-002,-1.81276401219814e-005
8.33282150847742e+003	1.91602655678936e-002,-1.85456579095044e-005
8.52497412128875e+003	1.91602647737469e-002,-1.89733150249831e-005
8.72155772144005e+003	1.91602639425524e-002,-1.94108337452267e-005
8.92267448630230e+003	1.91602630725817e-002,-1.98584414724408e-005
9.12842894942908e+003	1.91602621620260e-002,-2.03163708523994e-005
9.33892805488945e+003	1.91602612089918e-002,-2.07848598953425e-005
9.55428121285382e+003	1.91602602114975e-002,-2.12641520996585e-005
9.77460035646159e+003	1.91602591674689e-002,-2.17544965784179e-005
1.00000000000001e+004	1.91602580747353e-002,-2.22561481888239e-005
1.02305972984252e+004	1.91602569310245e-002,-2.27693676646456e-005
1.04665121082544e+004	1.91602557339583e-002,-2.32944217517037e-005
1.07078670498640e+004	1.91602544810477e-002,-2.38315833464784e-005
1.09547875712234e+004	1.91602531696875e-002,-2.43811316379122e-005
1.12074020130979e+004	1.91602517971509e-002,-2.49433522524794e-005
1.14658416757563e+004	1.91602503605840e-002,-2.55185374025998e-005
1.17302408872162e+004	1.91602488569997e-002,-2.61069860384712e-005
1.20007370730630e+004	1.91602472832717e-002,-2.67090040034015e-005
1.22774708278788e+004	1.91602456361276e-002,-2.73249041927190e-005
1.25605859883190e+004	1.91602439121425e-002,-2.79550067163448e-005
1.28502297078732e+004	1.91602421077318e-002,-2.85996390651105e-005
1.31465525333509e+004	1.91602402191434e-002,-2.92591362809077e-005
1.34497084831303e+004	1.91602382424505e-002,-2.99338411307577e-005
1.37598551272118e+004	1.91602361735429e-002,-3.06241042848907e-005
1.40771536691174e+004	1.91602340081186e-002,-3.13302844989279e-005
1.44017690296787e+004	1.91602317416753e-002,-3.20527488002595e-005
1.47338699327573e+004	1.91602293695001e-002,-3.27918726787161e-005
1.50736289929414e+004	1.91602268866607e-002,-3.35480402816315e-005
1.54212228052648e+004	1.91602242879945e-002,-3.43216446133980e-005
1.57768320369953e+004	1.91602215680981e-002,-3.51130877396177e-005
1.61406415215391e+004	1.91602187213160e-002,-3.59227809959548e-005
1.65128403545105e+004	1.91602157417289e-002,-3.67511452017972e-005
1.68936219920180e+004	1.91602126231414e-002,-3.75986108788380e-005
1.72831843512154e+004	1.91602093590691e-002,-3.84656184746890e-005
1.76817299131727e+004	1.91602059427249e-002,-3.93526185916430e-005
1.80894658281187e+004	1.91602023670054e-002,-4.02600722207016e-005
1.85066040231104e+004	1.91601986244757e-002,-4.11884509809909e-005
1.89333613121856e+004	1.91601947073538e-002,-4.21382373646864e-005
1.93699595090552e+004	1.91601906074951e-002,-4.31099249875762e-005
1.98166255423944e+004	1.91601863163749e-002,-4.41040188453893e-005
2.02735915737921e+004	1.91601818250706e-002,-4.51210355760227e-005
2.07410951184211e+004	1.91601771242437e-002,-4.61615037278012e-005
2.12193791684897e+004	1.91601722041198e-002,-4.72259640339093e-005
2.17086923195408e+004	1.91601670544688e-002,-4.83149696931356e-005
2.22092888996636e+004	1.91601616645832e-002,-4.94290866570745e-005
2.27214291016840e+004	1.91601560232559e-002,-5.05688939239328e-005
2.32453791184046e+004	1.91601501187572e-002,-5.17349838390925e-005
2.37814112809617e+004	1.91601439388103e-002,-5.29279624025834e-005
2.43298042003743e+004	1.91601374705653e-002,-5.41484495836254e-005
2.48908429123560e+004	1.91601307005734e-002,-5.53970796423994e-005
2.54648190254673e+004	1.91601236147580e-002,-5.66745014592132e-005
2.60520308726829e+004	1.91601161983860e-002,-5.79813788712318e-005
2.66527836664557e+004	1.91601084360371e-002,-5.93183910169432e-005
2.72673896573550e+004	1.91601003115717e-002,-6.06862326885365e-005
2.78961682963640e+004	1.91600918080971e-002,-6.20856146923735e-005
2.85394464009193e+004	1.91600829079328e-002,-6.35172642177369e-005
2.91975583247792e+004	1.91600735925734e-002,-6.49819252140436e-005
2.98708461318095e+004	1.91600638426505e-002,-6.64803587767167e-005
3.05596597737762e+004	1.91600536378919e-002,-6.80133435419118e-005
3.12643572722385e+004	1.91600429570800e-002,-6.95816760902992e-005
3.19853049046360e+004	1.91600317780073e-002,-7.11861713601075e-005
3.27228773946671e+004	1.91600200774307e-002,-7.28276630696387e-005
3.34774581070577e+004	1.91600078310225e-002,-7.45070041494692e-005
3.42494392468203e+004	1.91599950133204e-002,-7.62250671845566e-005
3.50392220631094e+004	1.91599815976744e-002,-7.79827448664759e-005
3.58472170577764e+004	1.91599675561914e-002,-7.97809504560137e-005
3.66738441987345e+004	1.91599528596770e-002,-8.16206182563551e-005
3.75195331382435e+004	1.91599374775754e-002,-8.35027040971025e-005
3.83847234362285e+004	1.91599213779052e-002,-8.54281858293689e-005
3.92698647887473e+004	1.91599045271934e-002,-8.73980638321962e-005
4.01754172617277e+004	1.91598868904055e-002,-8.94133615305536e-005
4.11018515300932e+004	1.91598684308732e-002,-9.14751259251744e-005
4.20496491224040e+004	1.91598491102173e-002,-9.35844281344981e-005
4.30193026711389e+004	1.91598288882691e-002,-9.57423639489894e-005
4.40113161687485e+004	1.91598077229859e-002,-9.79500543981087e-005
4.50262052296131e+004	1.91597855703640e-002,-1.00208646330220e-004
4.60644973580413e+004	1.91597623843476e-002,-1.02519313005720e-004
4.71267322224487e+004	1.91597381167323e-002,-1.04883254703691e-004
4.82134619358586e+004	1.91597127170659e-002,-1.07301699342365e-004
4.93252513428716e+004	1.91596861325426e-002,-1.09775903113722e-004
5.04626783132520e+004	1.91596583078941e-002,-1.12307151132517e-004
5.16263340422851e+004	1.91596291852741e-002,-1.14896758100077e-004
5.28168233580593e+004	1.91595987041385e-002,-1.17546068983169e-004
5.40347650358356e+004	1.91595668011195e-002,-1.20256459708289e-004
5.52807921196654e+004	1.91595334098939e-002,-1.23029337871706e-004
5.65555522514248e+004	1.91594984610455e-002,-1.25866143465600e-004
5.78597080074365e+004	1.91594618819203e-002,-1.28768349620656e-004
5.91939372428544e+004	1.91594235964766e-002,-1.31737463365460e-004
6.05589334439890e+004	1.91593835251259e-002,-1.34775026403077e-004
6.19554060887579e+004	1.91593415845684e-002,-1.37882615905174e-004
6.33840810154475e+004	1.91592976876195e-002,-1.41061845324061e-004
6.48457007999794e+004	1.91592517430291e-002,-1.44314365223054e-004
6.63410251418751e+004	1.91592036552917e-002,-1.47641864125539e-004
6.78708312591218e+004	1.91591533244482e-002,-1.51046069383135e-004
6.94359142921437e+004	1.91591006458785e-002,-1.54528748063381e-004
7.10370877170881e+004	1.91590455100838e-002,-1.58091707857336e-004
7.26751837686427e+004	1.91589878024599e-002,-1.61736798007532e-004
7.43510538726023e+004	1.91589274030584e-002,-1.65465910256703e-004
7.60655690884103e+004	1.91588641863383e-002,-1.69280979817721e-004
7.78196205619057e+004	1.91587980209054e-002,-1.73183986365181e-004
7.96141199885098e+004	1.91587287692390e-002,-1.77176955049093e-004
8.14500000870939e+004	1.91586562874069e-002,-1.81261957531126e-004
8.33282150847746e+004	1.91585804247664e-002,-1.85441113043868e-004
8.52497412128879e+004	1.91585010236521e-002,-1.89716589473576e-004
8.72155772144009e+004	1.91584179190478e-002,-1.94090604466888e-004
8.92267448630234e+004	1.91583309382453e-002,-1.98565426561974e-004
9.12842894942912e+004	1.91582399004850e-002,-2.03143376344625e-004
9.33892805488949e+004	1.91581446165816e-002,-2.07826827629760e-004
9.55428121285386e+004	1.91580448885311e-002,-2.12618208668858e-004
9.77460035646163e+004	1.91579405091006e-002,-2.17520003383820e-004
1.00000000000001e+005	1.91578312613983e-002,-2.22534752627767e-004
1.02305972984252e+005	1.91577169184236e-002,-2.27665055473285e-004
1.04665121082544e+005	1.91575972425967e-002,-2.32913570528650e-004
1.07078670498641e+005	1.91574719852658e-002,-2.38283017282529e-004
1.09547875712235e+005	1.91573408861921e-002,-2.43776177477715e-004
1.12074020130979e+005	1.91572036730098e-002,-2.49395896514399e-004
1.14658416757564e+005	1.91570600606623e-002,-2.55145084883519e-004
1.17302408872163e+005	1.91569097508114e-002,-2.61026719630719e-004
1.20007370730630e+005	1.91567524312191e-002,-2.67043845851454e-004
1.22774708278788e+005	1.91565877751011e-002,-2.73199578217767e-004
1.25605859883190e+005	1.91564154404500e-002,-2.79497102537277e-004
1.28502297078732e+005	1.91562350693274e-002,-2.85939677344905e-004
1.31465525333510e+005	1.91560462871226e-002,-2.92530635527869e-004
1.34497084831304e+005	1.91558487017777e-002,-2.99273385984475e-004
1.37598551272119e+005	1.91556419029761e-002,-3.06171415317220e-004
1.40771536691174e+005	1.91554254612940e-002,-3.13228289560713e-004
1.44017690296788e+005	1.91551989273121e-002,-3.20447655944946e-004
1.47338699327574e+005	1.91549618306864e-002,-3.27833244694372e-004
1.50736289929414e+005	1.91547136791760e-002,-3.35388870863320e-004
1.54212228052649e+005	1.91544539576260e-002,-3.43118436208175e-004
1.57768320369954e+005	1.91541821269032e-002,-3.51025931096821e-004
1.61406415215391e+005	1.91538976227824e-002,-3.59115436455762e-004
1.65128403545106e+005	1.91535998547820e-002,-3.67391125755357e-004
1.68936219920181e+005	1.91532882049450e-002,-3.75857267033554e-004
1.72831843512155e+005	1.91529620265639e-002,-3.84518224958526e-004
1.76817299131728e+005	1.91526206428474e-002,-3.93378462930531e-004
1.80894658281188e+005	1.91522633455246e-002,-4.02442545223323e-004
1.85066040231105e+005	1.91518893933856e-002,-4.11715139165415e-004
1.89333613121857e+005	1.91514980107547e-002,-4.21201017361417e-004
1.93699595090553e+005	1.91510883858933e-002,-4.30905059953667e-004
1.98166255423944e+005	1.91506596693289e-002,-4.40832256924325e-004
2.02735915737922e+005	1.91502109721080e-002,-4.50987710438024e-004
2.07410951184212e+005	1.91497413639684e-002,-4.61376637225144e-004
2.12193791684898e+005	1.91492498714273e-002,-4.72004371005702e-004
2.17086923195409e+005	1.91487354757817e-002,-4.82876364953794e-004
2.22092888996637e+005	1.91481971110181e-002,-4.93998194202440e-004
2.27214291016841e+005	1.91476336616248e-002,-5.05375558388615e-004
2.32453791184047e+005	1.91470439603055e-002,-5.17014284238161e-004
2.37814112809618e+005	1.91464267855878e-002,-5.28920328190184e-004
2.43298042003744e+005	1.91457808593220e-002,-5.41099779060440e-004
2.48908429123561e+005	1.91451048440667e-002,-5.53558860743089e-004
2.54648190254674e+005	1.91443973403544e-002,-5.66303934950110e-004
2.60520308726830e+005	1.91436568838331e-002,-5.79341503987509e-004
2.66527836664558e+005	1.91428819422774e-002,-5.92678213567327e-004
2.72673896573551e+005	1.91420709124643e-002,-6.06320855654310e-004
2.78961682963641e+005	1.91412221169070e-002,-6.20276371345928e-004
2.85394464009194e+005	1.91403338004405e-002,-6.34551853784270e-004
2.91975583247794e+005	1.91394041266530e-002,-6.49154551098123e-004
2.98708461318097e+005	1.91384311741560e-002,-6.64091869373388e-004
3.05596597737763e+005	1.91374129326859e-002,-6.79371375649716e-004
3.12643572722386e+005	1.91363472990306e-002,-6.95000800941029e-004
3.19853049046361e+005	1.91352320727719e-002,-7.10988043277359e-004
3.27228773946673e+005	1.91340649518379e-002,-7.27341170765119e-004
3.34774581070578e+005	1.91328435278552e-002,-7.44068424662654e-004
3.42494392468205e+005	1.91315652812942e-002,-7.61178222467610e-004
3.50392220631096e+005	1.91302275763969e-002,-7.78679161012284e-004
3.58472170577765e+005	1.91288276558795e-002,-7.96580019562782e-004
3.66738441987346e+005	1.91273626353991e-002,-8.14889762917411e-004
3.75195331382437e+005	1.91258294977759e-002,-8.33617544499306e-004
3.83847234362287e+005	1.91242250869593e-002,-8.52772709437845e-004
3.92698647887475e+005	1.91225461017285e-002,-8.72364797632912e-004
4.01754172617278e+005	1.91207890891155e-002,-8.92403546795570e-004
4.11018515300933e+005	1.91189504375406e-002,-9.12898895458130e-004
4.20496491224042e+005	1.91170263696476e-002,-9.33860985946013e-004
4.30193026711391e+005	1.91150129348265e-002,-9.55300167303179e-004
4.40113161687487e+005	1.91129060014118e-002,-9.77226998162208e-004
4.50262052296133e+005	1.91107012485444e-002,-9.99652249549387e-004
4.60644973580415e+005	1.91083941576809e-002,-1.02258690761439e-003
4.71267322224489e+005	1.91059800037403e-002,-1.04604217627333e-003
4.82134619358588e+005	1.91034538458715e-002,-1.07002947975299e-003
4.93252513428718e+005	1.91008105178280e-002,-1.09456046502330e-003
5.04626783132522e+005	1.90980446179357e-002,-1.11964700410384e-003
5.16263340422852e+005	1.90951504986373e-002,-1.14530119622931e-003
5.28168233580594e+005	1.90921222555987e-002,-1.17153536985771e-003
5.40347650358358e+005	1.90889537163622e-002,-1.19836208450365e-003
5.52807921196656e+005	1.90856384285281e-002,-1.22579413237816e-003
5.65555522514250e+005	1.90821696474515e-002,-1.25384453981469e-003
5.78597080074367e+005	1.90785403234344e-002,-1.28252656845978e-003
5.91939372428546e+005	1.90747430883984e-002,-1.31185371620527e-003
6.05589334439893e+005	1.90707702420202e-002,-1.34183971783723e-003
6.19554060887581e+005	1.90666137373123e-002,-1.37249854537509e-003
6.33840810154478e+005	1.90622651656322e-002,-1.40384440807256e-003
6.48457007999797e+005	1.90577157411017e-002,-1.43589175205013e-003
6.63410251418754e+005	1.90529562844206e-002,-1.46865525952670e-003
6.78708312591221e+005	1.90479772060558e-002,-1.50214984761572e-003
6.94359142921439e+005	1.90427684887898e-002,-1.53639066664916e-003
7.10370877170883e+005	1.90373196696114e-002,-1.57139309798981e-003
7.26751837686430e+005	1.90316198209321e-002,-1.60717275129020e-003
7.43510538726026e+005	1.90256575311130e-002,-1.64374546115364e-003
7.60655690884106e+005	1.90194208842862e-002,-1.68112728314975e-003
7.78196205619060e+005	1.90128974394559e-002,-1.71933448913450e-003
7.96141199885101e+005	1.90060742088670e-002,-1.75838356182095e-003
8.14500000870942e+005	1.89989376356276e-002,-1.79829118854412e-003
8.33282150847749e+005	1.89914735705748e-002,-1.83907425415980e-003
8.52497412128882e+005	1.89836672483736e-002,-1.88074983301353e-003
8.72155772144012e+005	1.89755032628426e-002,-1.92333517991224e-003
8.92267448630238e+005	1.89669655414990e-002,-1.96684772002729e-003
9.12842894942915e+005	1.89580373193201e-002,-2.01130503765342e-003
9.33892805488952e+005	1.89487011117219e-002,-2.05672486374417e-003
9.55428121285390e+005	1.89389386867541e-002,-2.10312506213974e-003
9.77460035646167e+005	1.89287310365198e-002,-2.15052361439908e-003
1.00000000000002e+006	1.89180583478280e-002,-2.19893860314322e-003
1.02305972984253e+006	1.89068999720917e-002,-2.24838819381228e-003
1.04665121082544e+006	1.88952343944917e-002,-2.29889061473361e-003
1.07078670498641e+006	1.88830392024276e-002,-2.35046413539395e-003
1.09547875712235e+006	1.88702910532855e-002,-2.40312704280316e-003
1.12074020130980e+006	1.88569656415589e-002,-2.45689761583243e-003
1.14658416757564e+006	1.88430376653638e-002,-2.51179409740464e-003
1.17302408872163e+006	1.88284807923985e-002,-2.56783466440966e-003
1.20007370730631e+006	1.88132676254068e-002,-2.62503739521252e-003
1.22774708278789e+006	1.87973696672123e-002,-2.68342023461734e-003
1.25605859883191e+006	1.87807572854001e-002,-2.74300095614568e-003
1.28502297078733e+006	1.87633996767359e-002,-2.80379712148298e-003
1.31465525333510e+006	1.87452648314218e-002,-2.86582603694312e-003
1.34497084831305e+006	1.87263194973023e-002,-2.92910470679699e-003
1.37598551272119e+006	1.87065291441466e-002,-2.99364978330771e-003
1.40771536691175e+006	1.86858579281492e-002,-3.05947751331241e-003
1.44017690296788e+006	1.86642686568071e-002,-3.12660368118798e-003
1.47338699327574e+006	1.86417227543474e-002,-3.19504354803722e-003
1.50736289929415e+006	1.86181802278984e-002,-3.26481178693072e-003
1.54212228052649e+006	1.85935996346183e-002,-3.33592241404075e-003
1.57768320369955e+006	1.85679380500130e-002,-3.40838871550465e-003
1.61406415215392e+006	1.85411510377003e-002,-3.48222316985839e-003
1.65128403545107e+006	1.85131926208983e-002,-3.55743736588540e-003
1.68936219920182e+006	1.84840152559422e-002,-3.63404191573193e-003
1.72831843512156e+006	1.84535698081583e-002,-3.71204636314819e-003
1.76817299131729e+006	1.84218055304522e-002,-3.79145908672499e-003
1.80894658281188e+006	1.83886700449940e-002,-3.87228719800806e-003
1.85066040231105e+006	1.83541093284172e-002,-3.95453643438739e-003
1.89333613121858e+006	1.83180677009705e-002,-4.03821104667748e-003
1.93699595090554e+006	1.82804878201014e-002,-4.12331368132520e-003
1.98166255423945e+006	1.82413106789741e-002,-4.20984525720727e-003
2.02735915737923e+006	1.82004756104601e-002,-4.29780483700751e-003
2.07410951184213e+006	1.81579202971722e-002,-4.38718949319697e-003
2.12193791684899e+006	1.81135807881404e-002,-4.47799416867683e-003
2.17086923195410e+006	1.80673915227635e-002,-4.57021153218570e-003
2.22092888996637e+006	1.80192853626977e-002,-4.66383182861942e-003
2.27214291016842e+006	1.79691936323721e-002,-4.75884272446354e-003
2.32453791184048e+006	1.79170461688491e-002,-4.85522914859552e-003
2.37814112809619e+006	1.78627713817701e-002,-4.95297312877725e-003
2.43298042003744e+006	1.78062963241478e-002,-5.05205362422660e-003
2.48908429123562e+006	1.77475467747838e-002,-5.15244635473248e-003
2.54648190254675e+006	1.76864473331001e-002,-5.25412362685799e-003
2.60520308726831e+006	1.76229215271828e-002,-5.35705415786396e-003
2.66527836664559e+006	1.75568919358295e-002,-5.46120289807782e-003
2.72673896573552e+006	1.74882803253909e-002,-5.56653085253180e-003
2.78961682963642e+006	1.74170078021734e-002,-5.67299490279878e-003
2.85394464009195e+006	1.73429949811469e-002,-5.78054763006336e-003
2.91975583247795e+006	1.72661621716612e-002,-5.88913714057991e-003
2.98708461318098e+006	1.71864295808254e-002,-5.99870689478653e-003
3.05596597737764e+006	1.71037175351407e-002,-6.10919554146436e-003
3.12643572722387e+006	1.70179467208974e-002,-6.22053675845361e-003
3.19853049046362e+006	1.69290384437544e-002,-6.33265910155940e-003
3.27228773946674e+006	1.68369149078076e-002,-6.44548586340187e-003
3.34774581070579e+006	1.67414995143233e-002,-6.55893494408167e-003
3.42494392468206e+006	1.66427171801679e-002,-6.67291873564501e-003
3.50392220631097e+006	1.65404946757975e-002,-6.78734402243640e-003
3.58472170577767e+006	1.64347609824818e-002,-6.90211189952215e-003
3.66738441987348e+006	1.63254476682353e-002,-7.01711771144894e-003
3.75195331382438e+006	1.62124892816993e-002,-7.13225101366752e-003
3.83847234362288e+006	1.60958237629746e-002,-7.24739555899807e-003
3.92698647887476e+006	1.59753928701415e-002,-7.36242931153806e-003
4.01754172617280e+006	1.58511426199261e-002,-7.47722449041168e-003
4.11018515300935e+006	1.57230237406738e-002,-7.59164764572906e-003
4.20496491224043e+006	1.55909921354911e-002,-7.70555976906057e-003
4.30193026711393e+006	1.54550093530954e-002,-7.81881644063170e-003
4.40113161687488e+006	1.53150430635996e-002,-7.93126801530674e-003
4.50262052296134e+006	1.51710675361327e-002,-8.04275984924944e-003
4.60644973580417e+006	1.50230641148857e-002,-8.15313256892597e-003
4.71267322224491e+006	1.48710216898649e-002,-8.26222238384658e-003
4.82134619358590e+006	1.47149371583469e-002,-8.36986144412705e-003
4.93252513428719e+006	1.45548158727626e-002,-8.47587824358957e-003
5.04626783132524e+006	1.43906720705021e-002,-8.58009806871412e-003
5.16263340422854e+006	1.42225292809349e-002,-8.68234349329988e-003
5.28168233580596e+006	1.40504207047836e-002,-8.78243491820220e-003
5.40347650358360e+006	1.38743895608911e-002,-8.88019115498020e-003
5.52807921196658e+006	1.36944893953751e-002,-8.97543005172695e-003
5.65555522514252e+006	1.35107843481914e-002,-9.06796915876612e-003
5.78597080074369e+006	1.33233493722199e-002,-9.15762643129322e-003
5.91939372428548e+006	1.31322704001593e-002,-9.24422096542528e-003
6.05589334439895e+006	1.29376444547719e-002,-9.32757376351051e-003
6.19554060887583e+006	1.27395796983536e-002,-9.40750852394937e-003
6.33840810154480e+006	1.25381954177235e-002,-9.48385245020388e-003
6.48457007999799e+006	1.23336219415336e-002,-9.55643707313349e-003
6.63410251418756e+006	1.21260004872791e-002,-9.62509908030795e-003
6.78708312591223e+006	1.19154829360498e-002,-9.68968114552117e-003
6.94359142921442e+006	1.17022315337891e-002,-9.75003275137833e-003
7.10370877170886e+006	1.14864185186149e-002,-9.80601099756249e-003
7.26751837686432e+006	1.12682256745885e-002,-9.85748138721654e-003
7.43510538726028e+006	1.10478438131902e-002,-9.90431858381049e-003
7.60655690884108e+006	1.08254721846500e-002,-9.94640713090963e-003
7.78196205619063e+006	1.06013178221780e-002,-9.98364212742032e-003
7.96141199885104e+006	1.03755948230263e-002,-1.00159298511695e-002
8.14500000870945e+006	1.01485235711690e-002,-1.00431883240710e-002
8.33282150847752e+006	9.92032990719955e-003,-1.00653478126430e-002
8.52497412128885e+006	9.69124425179359e-003,-1.00823512582612e-002
8.72155772144015e+006	9.46150068975531e-003,-1.00941546322509e-002
8.92267448630241e+006	9.23133602224333e-003,-1.01007272117317e-002
9.12842894942918e+006	9.00098879524349e-003,-1.01020517730083e-002
9.33892805488955e+006	8.77069831271125e-003,-1.00981247002485e-002
9.55428121285393e+006	8.54070364303692e-003,-1.00889560081692e-002
9.77460035646170e+006	8.31124262758756e-003,-1.00745692784660e-002
1.00000000000000e+007	8.08255090004858e-003,-1.00550015107320e-002
