time	V(vout)
0.00E+00	5.71171E-07
2.70E-03	5.33586E-06
2.70E-03	1.74763E-07
2.71E-03	-2.90693E-06
2.72E-03	-3.90921E-06
2.73E-03	-2.83209E-06
2.74E-03	3.24432E-07
2.75E-03	5.56036E-06
2.76E-03	1.28757E-05
2.76E-03	-9.04004E-07
2.77E-03	-9.55399E-06
2.78E-03	-1.30743E-05
2.78E-03	-1.14648E-05
2.79E-03	-4.72571E-06
2.80E-03	7.14314E-06
2.80E-03	2.41417E-05
2.81E-03	1.63903E-05
2.81E-03	8.55895E-06
2.82E-03	6.47757E-07
2.82E-03	-7.34332E-06
2.83E-03	-1.54143E-05
2.83E-03	-2.35651E-05
2.84E-03	-3.17959E-05
2.84E-03	-1.55487E-05
2.84E-03	-1.06483E-06
2.85E-03	1.16557E-05
2.85E-03	2.26128E-05
2.85E-03	3.18066E-05
2.86E-03	3.9237E-05
2.86E-03	4.49041E-05
2.86E-03	2.81323E-05
2.87E-03	1.17927E-05
2.87E-03	-4.11487E-06
2.87E-03	-1.95903E-05
2.88E-03	-3.46335E-05
2.88E-03	-4.92446E-05
2.88E-03	-6.34236E-05
2.89E-03	-3.24056E-05
2.90E-03	5.76796E-05
2.91E-03	8.84947E-05
2.92E-03	6.11757E-05
2.93E-03	-6.07524E-05
2.93E-03	-0.000111395
2.94E-03	-0.000115189
2.94E-03	-5.68422E-05
2.95E-03	0.000113012
2.96E-03	0.000163294
2.96E-03	0.00015198
2.97E-03	5.09293E-05
2.98E-03	-0.000113933
2.98E-03	-0.000208005
2.99E-03	-0.000226537
2.99E-03	-0.000220716
2.99E-03	-0.000190226
3.00E-03	-0.000119741
3.00E-03	0.000108155
3.01E-03	0.000197486
3.01E-03	0.00025793
3.01E-03	0.000299486
3.01E-03	0.000314833
3.02E-03	0.000299273
3.02E-03	0.000245496
3.02E-03	0.000141308
3.03E-03	-5.06295E-06
3.03E-03	-0.000185741
3.03E-03	-0.000297627
3.03E-03	-0.000376097
3.04E-03	-0.00042314
3.04E-03	-0.000429039
3.04E-03	-0.000392268
3.05E-03	-0.000293455
3.05E-03	-0.000133435
3.05E-03	9.0691E-05
3.06E-03	0.000291321
3.06E-03	0.000427838
3.06E-03	0.000534415
3.06E-03	0.000587102
3.07E-03	0.000578852
3.07E-03	0.000507318
3.07E-03	0.000335378
3.08E-03	9.24079E-05
3.08E-03	-0.000242525
3.08E-03	-0.000486283
3.08E-03	-0.000648892
3.09E-03	-0.000764296
3.09E-03	-0.000812229
3.09E-03	-0.000782495
3.10E-03	-0.000659875
3.10E-03	-0.000405767
3.10E-03	-4.42099E-05
3.11E-03	0.000343428
3.11E-03	0.000662115
3.11E-03	0.000886012
3.11E-03	0.001046086
3.12E-03	0.001116487
3.12E-03	0.001081419
3.12E-03	0.000920588
3.12E-03	0.000578879
3.13E-03	9.01102E-05
3.13E-03	-0.000392556
3.13E-03	-0.000833416
3.14E-03	-0.001159464
3.14E-03	-0.001400089
3.14E-03	-0.00152654
3.14E-03	-0.001488546
3.15E-03	-0.001271454
3.15E-03	-0.000816523
3.15E-03	-0.000146447
3.16E-03	0.000494064
3.16E-03	0.001145547
3.16E-03	0.001605436
3.16E-03	0.001940837
3.17E-03	0.002100222
3.17E-03	0.002057235
3.17E-03	0.001786849
3.18E-03	0.001169342
3.18E-03	0.000287227
3.18E-03	-0.000564425
3.18E-03	-0.001440563
3.19E-03	-0.00217034
3.19E-03	-0.002645883
3.19E-03	-0.002879346
3.19E-03	-0.002836142
3.20E-03	-0.002487638
3.20E-03	-0.001659853
3.20E-03	-0.000477476
3.21E-03	0.000664299
3.21E-03	0.001853631
3.21E-03	0.002865635
3.21E-03	0.003559369
3.22E-03	0.003941779
3.22E-03	0.00390923
3.22E-03	0.003450042
3.23E-03	0.00234421
3.23E-03	0.000739641
3.23E-03	-0.000790872
3.24E-03	-0.002411874
3.24E-03	-0.003804675
3.24E-03	-0.004814174
3.24E-03	-0.005396972
3.25E-03	-0.005453413
3.25E-03	-0.004977955
3.25E-03	-0.003690792
3.25E-03	-0.001674695
3.26E-03	0.000391255
3.26E-03	0.002385003
3.26E-03	0.004342153
3.26E-03	0.005859884
3.27E-03	0.00696985
3.27E-03	0.007507056
3.27E-03	0.007349053
3.27E-03	0.006380343
3.28E-03	0.004188703
3.28E-03	0.001035848
3.28E-03	-0.001774136
3.29E-03	-0.004701706
3.29E-03	-0.007372215
3.29E-03	-0.009184691
3.29E-03	-0.01021943
3.30E-03	-0.01018804
3.30E-03	-0.009070828
3.30E-03	-0.006270255
3.31E-03	-0.002205462
3.31E-03	0.001586202
3.31E-03	0.005706549
3.31E-03	0.009322613
3.32E-03	0.01216989
3.32E-03	0.01383776
3.32E-03	0.01426787
3.32E-03	0.01337994
3.33E-03	0.01061771
3.33E-03	0.005816195
3.33E-03	0.000545747
3.34E-03	-0.004433302
3.34E-03	-0.009466534
3.34E-03	-0.0138615
3.34E-03	-0.01726025
3.35E-03	-0.01926601
3.35E-03	-0.01935656
3.35E-03	-0.01747569
3.35E-03	-0.01238487
3.36E-03	-0.005025025
3.36E-03	0.001994736
3.36E-03	0.009827983
3.37E-03	0.01661909
3.37E-03	0.02174019
3.37E-03	0.02534783
3.37E-03	0.02693137
3.37E-03	0.02607643
3.38E-03	0.02219098
3.38E-03	0.01409957
3.38E-03	0.003962859
3.39E-03	-0.005544157
3.39E-03	-0.01559224
3.39E-03	-0.02490066
3.39E-03	-0.03193823
3.40E-03	-0.03618691
3.40E-03	-0.03705714
3.40E-03	-0.03443524
3.40E-03	-0.02671423
3.41E-03	-0.01383489
3.41E-03	-0.000125165
3.41E-03	0.01261845
3.42E-03	0.02540123
3.42E-03	0.0365627
3.42E-03	0.04515847
3.42E-03	0.05024477
3.43E-03	0.05023542
3.43E-03	0.0449702
3.43E-03	0.03168884
3.43E-03	0.01571624
3.44E-03	-0.002498385
3.44E-03	-0.0221956
3.44E-03	-0.03948372
3.44E-03	-0.05359158
3.45E-03	-0.0641802
3.45E-03	-0.06965216
3.45E-03	-0.06868729
3.45E-03	-0.06038845
3.46E-03	-0.0412496
3.46E-03	-0.02238182
3.46E-03	0.002135689
3.46E-03	0.02834116
3.47E-03	0.05220873
3.47E-03	0.07205854
3.47E-03	0.08725063
3.47E-03	0.09554224
3.48E-03	0.09702159
3.48E-03	0.09647127
3.48E-03	0.09423861
3.48E-03	0.08772326
3.48E-03	0.06914859
3.48E-03	0.05028115
3.49E-03	0.02584846
3.49E-03	-0.005202016
3.49E-03	-0.04070651
3.49E-03	-0.07183545
3.50E-03	-0.09908929
3.50E-03	-0.1197471
3.50E-03	-0.1317439
3.50E-03	-0.132732
3.50E-03	-0.1317731
3.50E-03	-0.1281827
3.51E-03	-0.1191282
3.51E-03	-0.1163099
3.51E-03	-0.1095069
3.51E-03	-0.09342397
3.51E-03	-0.06342034
3.51E-03	-0.02883094
3.51E-03	0.009707683
3.52E-03	0.05785008
3.52E-03	0.1003802
3.52E-03	0.1375223
3.52E-03	0.1657517
3.53E-03	0.1811261
3.53E-03	0.1797383
3.53E-03	0.1642125
3.53E-03	0.1598746
3.53E-03	0.1489754
3.53E-03	0.1459776
3.53E-03	0.139388
3.53E-03	0.1251116
3.53E-03	0.1005578
3.54E-03	0.06337868
3.54E-03	0.01401931
3.54E-03	-0.04663645
3.54E-03	-0.1073579
3.55E-03	-0.1678283
3.55E-03	-0.2149141
3.55E-03	-0.2446697
3.55E-03	-0.25196
3.56E-03	-0.2356394
3.56E-03	-0.1928426
3.56E-03	-0.1862022
3.56E-03	-0.1842596
3.56E-03	-0.1717998
3.56E-03	-0.154285
3.56E-03	-0.1333479
3.56E-03	-0.09615895
3.56E-03	-0.05634643
3.56E-03	0.008748534
3.57E-03	0.08066767
3.57E-03	0.1444841
3.57E-03	0.2256605
3.57E-03	0.2893896
3.58E-03	0.3335105
3.58E-03	0.3474307
3.58E-03	0.3289325
3.58E-03	0.2770297
3.58E-03	0.2684097
3.58E-03	0.2424745
3.58E-03	0.2283277
3.59E-03	0.2098872
3.59E-03	0.1896524
3.59E-03	0.1620931
3.59E-03	0.1292597
3.59E-03	0.07980073
3.59E-03	0.008558486
3.59E-03	-0.0772751
3.59E-03	-0.16451
3.60E-03	-0.2598847
3.60E-03	-0.3559432
3.60E-03	-0.4302378
3.60E-03	-0.4725486
3.60E-03	-0.4713417
3.61E-03	-0.4220143
3.61E-03	-0.3087057
3.61E-03	-0.2954699
3.61E-03	-0.2890315
3.61E-03	-0.2825507
3.61E-03	-0.2760275
3.61E-03	-0.269462
3.61E-03	-0.2628542
3.61E-03	-0.2562039
3.61E-03	-0.2495114
3.61E-03	-0.2200778
3.61E-03	-0.1807985
3.61E-03	-0.1235329
3.62E-03	-0.03495853
3.62E-03	0.07791069
3.62E-03	0.1905821
3.62E-03	0.3240611
3.62E-03	0.4665795
3.62E-03	0.5768068
3.63E-03	0.6469478
3.63E-03	0.6524278
3.63E-03	0.5918594
3.64E-03	0.4442132
3.64E-03	0.4280405
3.64E-03	0.3811616
3.64E-03	0.3631995
3.64E-03	0.3425232
3.64E-03	0.3077174
3.64E-03	0.2680347
3.64E-03	0.2127613
3.64E-03	0.1343869
3.64E-03	0.05803763
3.64E-03	-0.03250433
3.64E-03	-0.1306679
3.64E-03	-0.2862441
3.65E-03	-0.4798093
3.65E-03	-0.6527124
3.65E-03	-0.8030384
3.65E-03	-0.8943069
3.66E-03	-0.8973143
3.66E-03	-0.8084803
3.66E-03	-0.5835046
3.66E-03	-0.409618
3.66E-03	-0.4048415
3.66E-03	-0.3947861
3.66E-03	-0.3747426
3.66E-03	-0.3345026
3.66E-03	-0.288819
3.66E-03	-0.2338878
3.67E-03	-0.1752103
3.67E-03	-0.106255
3.67E-03	-0.02577849
3.67E-03	0.085062
3.67E-03	0.2057127
3.67E-03	0.4440726
3.67E-03	0.6757599
3.67E-03	0.9392793
3.68E-03	1.128781
3.68E-03	1.238444
3.68E-03	1.236436
3.68E-03	1.112924
3.69E-03	0.8365648
3.69E-03	0.5696886
3.69E-03	0.5622551
3.69E-03	0.5548457
3.69E-03	0.5474602
3.69E-03	0.5400988
3.69E-03	0.5327613
3.69E-03	0.5254478
3.69E-03	0.5181583
3.69E-03	0.4801699
3.69E-03	0.4295825
3.69E-03	0.3418278
3.69E-03	0.254905
3.69E-03	0.1370744
3.69E-03	0.004770917
3.69E-03	-0.2034842
3.69E-03	-0.4195208
3.70E-03	-0.763519
3.70E-03	-1.151105
3.70E-03	-1.468787
3.70E-03	-1.675788
3.71E-03	-1.730516
3.71E-03	-1.623588
3.71E-03	-1.338365
3.71E-03	-1.287
3.71E-03	-1.133118
3.71E-03	-1.064991
3.71E-03	-1.042048
3.71E-03	-1.018686
3.71E-03	-0.9949037
3.71E-03	-0.9707026
3.71E-03	-0.9460821
3.71E-03	-0.9210424
3.71E-03	-0.8955833
3.71E-03	-0.8611213
3.71E-03	-0.8217742
3.71E-03	-0.7539803
3.72E-03	-0.6801124
3.72E-03	-0.5763848
3.72E-03	-0.4637168
3.72E-03	-0.3545078
3.72E-03	-0.2235679
3.72E-03	-0.07866079
3.72E-03	0.1296487
3.72E-03	0.3488933
3.72E-03	0.6959139
3.72E-03	1.154703
3.72E-03	1.57644
3.73E-03	2.016526
3.73E-03	2.348175
3.73E-03	2.392059
3.73E-03	2.41887
3.73E-03	2.413985
3.73E-03	2.305161
3.74E-03	1.910351
3.74E-03	1.256296
3.74E-03	0.6255323
3.74E-03	0.4657287
3.74E-03	0.2778617
3.74E-03	-0.1071403
3.75E-03	-0.762502
3.75E-03	-1.494058
3.75E-03	-2.228275
3.75E-03	-2.822546
3.76E-03	-3.202478
3.76E-03	-3.285275
3.76E-03	-3.063979
3.76E-03	-2.533715
3.76E-03	-2.444085
3.76E-03	-2.226244
3.77E-03	-1.737033
3.77E-03	-0.9491079
3.77E-03	-0.7555913
3.77E-03	-0.5284542
3.77E-03	-0.06146351
3.77E-03	0.8889142
3.77E-03	1.911005
3.77E-03	2.054147
3.77E-03	2.402433
3.77E-03	2.536691
3.78E-03	2.794624
3.78E-03	3.260656
3.78E-03	3.993473
3.78E-03	4.114697
3.78E-03	4.22073
3.78E-03	4.311572
3.78E-03	4.387223
3.78E-03	4.447682
3.78E-03	4.492951
3.78E-03	4.523028
3.78E-03	4.513303
3.79E-03	4.148616
3.79E-03	3.266659
3.79E-03	3.148271
3.79E-03	3.064758
3.79E-03	2.978907
3.79E-03	2.890716
3.79E-03	2.800187
3.79E-03	2.707319
3.79E-03	2.612113
3.79E-03	2.514568
3.79E-03	2.390307
3.79E-03	2.262535
3.79E-03	2.131252
3.79E-03	1.996458
3.79E-03	1.858152
3.79E-03	1.716335
3.79E-03	1.571007
3.79E-03	1.264496
3.79E-03	0.6285115
3.80E-03	-0.3319743
3.80E-03	-1.854979
3.80E-03	-3.372792
3.80E-03	-3.477491
3.80E-03	-3.67814
3.80E-03	-4.067161
3.80E-03	-4.369132
3.80E-03	-4.542142
3.80E-03	-4.645009
3.80E-03	-4.723606
3.80E-03	-4.791183
3.80E-03	-4.859868
3.80E-03	-4.911695
3.80E-03	-4.942095
3.80E-03	-4.959598
3.80E-03	-4.9708
3.80E-03	-4.975772
3.81E-03	-4.97997
3.81E-03	-4.981786
3.81E-03	-4.982241
3.81E-03	-4.982641
3.81E-03	-4.983312
3.81E-03	-4.984023
3.81E-03	-4.984393
3.81E-03	-4.984758
3.81E-03	-4.985143
3.81E-03	-4.985429
3.81E-03	-4.984879
3.81E-03	-4.983016
3.81E-03	-4.977078
3.81E-03	-4.961206
3.81E-03	-4.936556
3.81E-03	-4.928443
3.81E-03	-4.889602
3.81E-03	-4.783044
3.81E-03	-4.747593
3.81E-03	-4.63622
3.81E-03	-4.434144
3.81E-03	-4.209076
3.81E-03	-4.020258
3.81E-03	-3.873884
3.81E-03	-3.734015
3.81E-03	-3.664071
3.81E-03	-3.610271
3.81E-03	-3.586392
3.82E-03	-3.577606
3.82E-03	-3.583768
3.82E-03	-3.599633
3.82E-03	-3.620739
3.82E-03	-3.639175
3.82E-03	-3.653572
3.82E-03	-3.660429
3.82E-03	-3.660529
3.82E-03	-3.652564
3.82E-03	-3.631551
3.82E-03	-3.586054
3.82E-03	-3.514427
3.82E-03	-3.390943
3.82E-03	-3.227991
3.82E-03	-3.102939
3.82E-03	-2.999636
3.82E-03	-2.892003
3.82E-03	-2.798413
3.82E-03	-2.672431
3.82E-03	-2.659653
3.82E-03	-2.636511
3.82E-03	-2.604741
3.82E-03	-2.539707
3.82E-03	-2.460946
3.82E-03	-2.386249
3.82E-03	-2.244901
3.82E-03	-1.98214
3.82E-03	-1.683806
3.82E-03	-1.106115
3.82E-03	-0.7618161
3.82E-03	-0.3331313
3.82E-03	0.2444465
3.82E-03	0.8840637
3.82E-03	1.823056
3.82E-03	2.812318
3.82E-03	3.05521
3.83E-03	3.526616
3.83E-03	4.444827
3.83E-03	4.514435
3.83E-03	4.550095
3.83E-03	4.628842
3.83E-03	4.652844
3.83E-03	4.675548
3.83E-03	4.696954
3.83E-03	4.717063
3.83E-03	4.735874
3.83E-03	4.753388
3.83E-03	4.769604
3.83E-03	4.797965
3.83E-03	4.847846
3.83E-03	4.865657
3.83E-03	4.881478
3.83E-03	4.895306
3.83E-03	4.907144
3.83E-03	4.916989
3.83E-03	4.924844
3.83E-03	4.930707
3.83E-03	4.948467
3.83E-03	4.95794
3.83E-03	4.964812
3.83E-03	4.971961
3.83E-03	4.979399
3.83E-03	4.979871
3.83E-03	4.980237
3.83E-03	4.980672
3.83E-03	4.98149
3.83E-03	4.982587
3.83E-03	4.983733
3.84E-03	4.984749
3.84E-03	4.985108
3.84E-03	4.985662
3.84E-03	4.985825
3.84E-03	4.985992
3.84E-03	4.985853
3.84E-03	4.985408
3.84E-03	4.984657
3.84E-03	4.9836
3.84E-03	4.982237
3.84E-03	4.980567
3.84E-03	4.976439
3.84E-03	4.967139
3.84E-03	4.943164
3.84E-03	4.882419
3.84E-03	4.843859
3.84E-03	4.694317
3.84E-03	4.648616
3.84E-03	4.533022
3.84E-03	4.300653
3.84E-03	3.979821
3.84E-03	3.831983
3.84E-03	3.666544
3.84E-03	3.598111
3.84E-03	3.539431
3.84E-03	3.516446
3.84E-03	3.506498
3.84E-03	3.508965
3.84E-03	3.511208
3.84E-03	3.513993
3.84E-03	3.517321
3.84E-03	3.521191
3.84E-03	3.525604
3.84E-03	3.530559
3.84E-03	3.536057
3.84E-03	3.553131
3.84E-03	3.57126
3.84E-03	3.582804
3.84E-03	3.587116
3.84E-03	3.584092
3.84E-03	3.572037
3.84E-03	3.544833
3.84E-03	3.53899
3.84E-03	3.532733
3.84E-03	3.526062
3.84E-03	3.518976
3.84E-03	3.511477
3.84E-03	3.503564
3.84E-03	3.495237
3.84E-03	3.435933
3.84E-03	3.377109
3.84E-03	3.293705
3.84E-03	3.145933
3.84E-03	2.993351
3.84E-03	2.870401
3.84E-03	2.763885
3.84E-03	2.750822
3.84E-03	2.7195
3.84E-03	2.713164
3.84E-03	2.706776
3.84E-03	2.700334
3.84E-03	2.69384
3.84E-03	2.687294
3.84E-03	2.680694
3.84E-03	2.674042
3.84E-03	2.648507
3.84E-03	2.597255
3.84E-03	2.492459
3.84E-03	2.351781
3.84E-03	2.20188
3.84E-03	2.004414
3.84E-03	1.745992
3.85E-03	1.519623
3.85E-03	1.24235
3.85E-03	0.9139844
3.85E-03	0.5338598
3.85E-03	0.1053215
3.85E-03	-0.4703639
3.85E-03	-1.096031
3.85E-03	-2.076755
3.85E-03	-3.060914
3.85E-03	-4.639328
3.85E-03	-4.653762
3.85E-03	-4.71256
3.85E-03	-4.767771
3.85E-03	-4.830686
3.85E-03	-4.883185
3.85E-03	-4.91816
3.85E-03	-4.940432
3.85E-03	-4.953403
3.85E-03	-4.960999
3.86E-03	-4.967197
3.86E-03	-4.975238
3.86E-03	-4.979744
3.86E-03	-4.979941
3.86E-03	-4.980278
3.86E-03	-4.980904
3.86E-03	-4.982043
3.86E-03	-4.983232
3.86E-03	-4.984312
3.86E-03	-4.984905
3.86E-03	-4.985559
3.86E-03	-4.985618
3.87E-03	-4.98448
3.87E-03	-4.981042
3.87E-03	-4.971781
3.87E-03	-4.935216
3.87E-03	-4.843879
3.87E-03	-4.792672
3.87E-03	-4.587775
3.87E-03	-4.34618
3.87E-03	-4.029179
3.87E-03	-3.864392
3.87E-03	-3.676714
3.87E-03	-3.587318
3.87E-03	-3.532618
3.87E-03	-3.506292
3.87E-03	-3.49585
3.87E-03	-3.500437
3.87E-03	-3.515903
3.87E-03	-3.535493
3.87E-03	-3.553247
3.87E-03	-3.567306
3.87E-03	-3.574252
3.87E-03	-3.574465
3.87E-03	-3.566567
3.87E-03	-3.545517
3.87E-03	-3.50067
3.87E-03	-3.42813
3.87E-03	-3.305226
3.87E-03	-3.114441
3.87E-03	-2.971904
3.87E-03	-2.863534
3.87E-03	-2.751921
3.87E-03	-2.739229
3.87E-03	-2.730954
3.87E-03	-2.722646
3.87E-03	-2.714307
3.87E-03	-2.705937
3.87E-03	-2.697534
3.87E-03	-2.6891
3.87E-03	-2.680634
3.87E-03	-2.65612
3.87E-03	-2.607328
3.87E-03	-2.508653
3.87E-03	-2.382665
3.87E-03	-2.245954
3.87E-03	-2.062155
3.87E-03	-1.850214
3.87E-03	-1.639924
3.87E-03	-1.128347
3.87E-03	-0.7995378
3.87E-03	-0.3812017
3.87E-03	0.1060703
3.87E-03	0.8154823
3.88E-03	1.541961
3.88E-03	2.704582
3.88E-03	2.933848
3.88E-03	3.380657
3.88E-03	4.253078
3.88E-03	4.444457
3.88E-03	4.515326
3.88E-03	4.619486
3.88E-03	4.725223
3.88E-03	4.778248
3.88E-03	4.833054
3.88E-03	4.885419
3.88E-03	4.922241
3.88E-03	4.942924
3.88E-03	4.954905
3.88E-03	4.964357
3.88E-03	4.969998
3.88E-03	4.977097
3.88E-03	4.980089
3.88E-03	4.980062
3.88E-03	4.980311
3.88E-03	4.980812
3.88E-03	4.981723
3.89E-03	4.982865
3.89E-03	4.983973
3.89E-03	4.984983
3.89E-03	4.98534
3.89E-03	4.985883
3.89E-03	4.985
3.89E-03	4.985031
3.89E-03	4.984334
3.89E-03	4.982908
3.89E-03	4.980753
3.89E-03	4.97787
3.89E-03	4.974258
3.89E-03	4.969917
3.89E-03	4.954644
3.89E-03	4.920907
3.89E-03	4.896637
3.89E-03	4.8023
3.89E-03	4.756781
3.89E-03	4.611568
3.89E-03	4.415102
3.89E-03	4.170338
3.89E-03	3.952806
3.89E-03	3.815255
3.89E-03	3.669219
3.89E-03	3.601159
3.89E-03	3.540019
3.89E-03	3.514517
3.89E-03	3.503192
3.89E-03	3.505585
3.89E-03	3.507865
3.89E-03	3.510706
3.89E-03	3.514111
3.89E-03	3.518077
3.89E-03	3.522605
3.89E-03	3.527696
3.90E-03	3.533349
3.90E-03	3.549876
3.90E-03	3.567733
3.90E-03	3.579279
3.90E-03	3.583625
3.90E-03	3.580614
3.90E-03	3.568552
3.90E-03	3.54134
3.90E-03	3.53456
3.90E-03	3.527242
3.90E-03	3.519383
3.90E-03	3.510985
3.90E-03	3.502047
3.90E-03	3.49257
3.90E-03	3.482553
3.90E-03	3.447933
3.90E-03	3.370569
3.90E-03	3.204541
3.90E-03	3.052333
3.90E-03	2.934227
3.90E-03	2.827739
3.90E-03	2.724629
3.90E-03	2.70719
3.90E-03	2.695091
3.90E-03	2.645775
3.90E-03	2.589324
3.90E-03	2.475247
3.90E-03	2.335969
3.90E-03	2.185903
3.90E-03	1.992211
3.90E-03	1.720416
3.90E-03	1.4825
3.90E-03	1.210342
3.90E-03	0.8638077
3.90E-03	0.4568929
3.90E-03	0.02370805
3.90E-03	-0.5677704
3.90E-03	-1.200346
3.90E-03	-2.264555
3.90E-03	-3.32177
3.91E-03	-4.213096
3.91E-03	-4.366438
3.91E-03	-4.63477
3.91E-03	-4.739244
3.91E-03	-4.82403
3.91E-03	-4.879441
3.91E-03	-4.914756
3.91E-03	-4.936572
3.91E-03	-4.951542
3.91E-03	-4.958586
3.91E-03	-4.965081
3.91E-03	-4.973587
3.91E-03	-4.979001
3.91E-03	-4.979893
3.91E-03	-4.980316
3.91E-03	-4.981034
3.91E-03	-4.982334
3.91E-03	-4.98342
3.91E-03	-4.984541
3.92E-03	-4.984993
3.92E-03	-4.985575
3.92E-03	-4.985593
3.92E-03	-4.984379
3.92E-03	-4.980792
3.92E-03	-4.971789
3.92E-03	-4.943946
3.92E-03	-4.868013
3.92E-03	-4.830374
3.92E-03	-4.683102
3.92E-03	-4.638989
3.92E-03	-4.531332
3.92E-03	-4.315636
3.92E-03	-3.996118
3.92E-03	-3.846889
3.92E-03	-3.670998
3.92E-03	-3.592444
3.92E-03	-3.53338
3.92E-03	-3.507205
3.92E-03	-3.495489
3.92E-03	-3.497748
3.92E-03	-3.509404
3.92E-03	-3.532078
3.92E-03	-3.551112
3.92E-03	-3.566403
3.92E-03	-3.573848
3.92E-03	-3.574737
3.92E-03	-3.567817
3.92E-03	-3.549193
3.92E-03	-3.505431
3.92E-03	-3.439118
3.92E-03	-3.317647
3.92E-03	-3.143688
3.92E-03	-3.00034
3.92E-03	-2.889287
3.92E-03	-2.772683
3.92E-03	-2.76013
3.92E-03	-2.730311
3.92E-03	-2.720976
3.92E-03	-2.711597
3.92E-03	-2.702175
3.92E-03	-2.692711
3.92E-03	-2.683203
3.92E-03	-2.673652
3.92E-03	-2.664058
3.92E-03	-2.623133
3.92E-03	-2.54078
3.92E-03	-2.40892
3.92E-03	-2.259221
3.92E-03	-2.081264
3.92E-03	-1.879326
3.92E-03	-1.668165
3.93E-03	-1.16994
3.93E-03	-0.8224675
3.93E-03	-0.4008669
3.93E-03	0.06208559
3.93E-03	0.7179428
3.93E-03	1.400147
3.93E-03	2.631068
3.93E-03	3.154742
3.93E-03	3.268155
3.93E-03	3.380591
3.93E-03	3.49205
3.93E-03	3.602531
3.93E-03	3.712035
3.93E-03	3.820562
3.93E-03	3.928111
3.93E-03	4.570544
3.93E-03	4.59473
3.93E-03	4.633899
3.93E-03	4.701051
3.93E-03	4.765099
3.93E-03	4.844719
3.93E-03	4.896358
3.93E-03	4.926041
3.93E-03	4.945439
3.93E-03	4.956964
3.93E-03	4.964188
3.94E-03	4.970715
3.94E-03	4.978967
3.94E-03	4.979917
3.94E-03	4.980323
3.94E-03	4.980951
3.94E-03	4.982096
3.94E-03	4.983265
3.94E-03	4.98435
3.94E-03	4.984913
3.94E-03	4.985553
3.94E-03	4.985651
3.94E-03	4.985728
3.94E-03	4.984776
3.95E-03	4.982794
3.95E-03	4.979783
3.95E-03	4.975742
3.95E-03	4.970672
3.95E-03	4.964572
3.95E-03	4.960364
3.95E-03	4.934606
3.95E-03	4.829354
3.95E-03	4.79146
3.95E-03	4.6445
3.95E-03	4.404951
3.95E-03	4.127883
3.95E-03	3.898721
3.95E-03	3.747503
3.95E-03	3.615452
3.95E-03	3.557192
3.95E-03	3.513205
3.95E-03	3.500165
3.95E-03	3.500472
3.95E-03	3.516648
3.95E-03	3.541248
3.95E-03	3.55043
3.95E-03	3.558363
3.95E-03	3.565046
3.95E-03	3.57048
3.95E-03	3.574664
3.95E-03	3.577599
3.95E-03	3.579284
3.95E-03	3.575824
3.95E-03	3.56304
3.95E-03	3.534574
3.95E-03	3.53055
3.95E-03	3.526266
3.95E-03	3.521719
3.95E-03	3.516911
3.95E-03	3.511842
3.95E-03	3.50651
3.95E-03	3.500918
3.95E-03	3.468607
3.95E-03	3.393903
3.95E-03	3.228832
3.95E-03	3.049301
3.95E-03	2.921011
3.95E-03	2.8158
3.95E-03	2.713283
3.95E-03	2.695895
3.95E-03	2.678515
3.95E-03	2.661144
3.95E-03	2.643782
3.95E-03	2.626427
3.95E-03	2.609081
3.95E-03	2.591744
3.95E-03	2.484721
3.95E-03	2.353388
3.95E-03	2.212774
3.95E-03	2.023841
3.95E-03	1.783421
3.95E-03	1.570908
3.95E-03	1.292696
3.95E-03	1.010835
3.95E-03	0.6794127
3.95E-03	0.2690019
3.95E-03	-0.3056853
3.95E-03	-0.9236962
3.96E-03	-1.833466
3.96E-03	-2.762305
3.96E-03	-4.551716
3.96E-03	-4.577455
3.96E-03	-4.619125
3.96E-03	-4.6903
3.96E-03	-4.755081
3.96E-03	-4.84769
3.96E-03	-4.903562
3.96E-03	-4.933305
3.96E-03	-4.949539
3.96E-03	-4.957985
3.96E-03	-4.96453
3.96E-03	-4.972924
3.96E-03	-4.978998
3.96E-03	-4.979904
3.96E-03	-4.980324
3.96E-03	-4.981021
3.96E-03	-4.982284
3.97E-03	-4.983388
3.97E-03	-4.984502
3.97E-03	-4.984973
3.97E-03	-4.985564
3.97E-03	-4.985618
3.97E-03	-4.984471
3.97E-03	-4.981028
3.97E-03	-4.972239
3.97E-03	-4.942475
3.97E-03	-4.861939
3.97E-03	-4.823378
3.97E-03	-4.672249
3.97E-03	-4.622591
3.97E-03	-4.50423
3.97E-03	-4.267716
3.97E-03	-4.006415
3.97E-03	-3.86641
3.97E-03	-3.690607
3.97E-03	-3.602934
3.97E-03	-3.54011
3.97E-03	-3.510453
3.97E-03	-3.496772
3.97E-03	-3.498812
3.97E-03	-3.511205
3.97E-03	-3.532615
3.97E-03	-3.550993
3.97E-03	-3.566117
3.97E-03	-3.573714
3.97E-03	-3.574799
3.97E-03	-3.568101
3.98E-03	-3.549812
3.98E-03	-3.507133
3.98E-03	-3.441171
3.98E-03	-3.321838
3.98E-03	-3.15002
3.98E-03	-3.005682
3.98E-03	-2.893973
3.98E-03	-2.776322
3.98E-03	-2.763794
3.98E-03	-2.734055
3.98E-03	-2.693335
3.98E-03	-2.657922
3.98E-03	-2.610988
3.98E-03	-2.516179
3.98E-03	-2.3901
3.98E-03	-2.253239
3.98E-03	-2.068871
3.98E-03	-1.861026
3.98E-03	-1.650081
3.98E-03	-1.141195
3.98E-03	-0.8092146
3.98E-03	-0.3864896
3.98E-03	0.09209727
3.98E-03	0.7867891
3.98E-03	1.500923
3.98E-03	2.681625
3.98E-03	2.893092
3.98E-03	3.10601
3.98E-03	3.316403
3.98E-03	3.524273
3.98E-03	3.729619
3.98E-03	3.932441
3.98E-03	4.13274
3.99E-03	4.330514
3.99E-03	4.515031
3.99E-03	4.621723
3.99E-03	4.70833
3.99E-03	4.781669
3.99E-03	4.865518
3.99E-03	4.91042
3.99E-03	4.934093
3.99E-03	4.950317
3.99E-03	4.958217
3.99E-03	4.964684
3.99E-03	4.973041
3.99E-03	4.979014
3.99E-03	4.979903
3.99E-03	4.980319
3.99E-03	4.981023
3.99E-03	4.9823
3.99E-03	4.983398
3.99E-03	4.984515
4.00E-03	4.98498
4.00E-03	4.985568
4.00E-03	4.985609
4.00E-03	4.985628
4.00E-03	4.984703
4.00E-03	4.982833
4.00E-03	4.980021
4.00E-03	4.976264
4.00E-03	4.971563
4.00E-03	4.965919
4.00E-03	4.961876
4.00E-03	4.937218
4.00E-03	4.836051
4.00E-03	4.798133
4.00E-03	4.647552
4.00E-03	4.39504
4.00E-03	4.125074
4.00E-03	3.898863
4.00E-03	3.74807
4.00E-03	3.616124
4.00E-03	3.557349
4.00E-03	3.512827
4.00E-03	3.499573
4.00E-03	3.499767
4.00E-03	3.515821
4.00E-03	3.54057
4.00E-03	3.549764
4.00E-03	3.55771
4.00E-03	3.564406
4.00E-03	3.569854
4.00E-03	3.574052
4.00E-03	3.577001
4.00E-03	3.578701
4.00E-03	3.575268
4.00E-03	3.562535
4.00E-03	3.534111
4.00E-03	3.530097
4.00E-03	3.525821
4.00E-03	3.521284
4.00E-03	3.516485
4.00E-03	3.511425
4.00E-03	3.506104
4.00E-03	3.500521
4.00E-03	3.468265
4.00E-03	3.393667
4.00E-03	3.22877
4.00E-03	3.049189
4.00E-03	2.920789
4.00E-03	2.815544
4.00E-03	2.712945
4.00E-03	2.695565
4.00E-03	2.678199
4.00E-03	2.660845
4.00E-03	2.643504
4.00E-03	2.626176
4.00E-03	2.60886
4.00E-03	2.591558
4.00E-03	2.485007
4.00E-03	2.354396
4.00E-03	2.214694
4.00E-03	2.026058
4.00E-03	1.787578
4.00E-03	1.575429
4.00E-03	1.297093
4.01E-03	1.017838
4.01E-03	0.6872697
4.01E-03	0.2775387
4.01E-03	-0.3058993
4.01E-03	-0.9242418
4.01E-03	-1.841545
4.01E-03	-2.77222
4.01E-03	-4.564188
4.01E-03	-4.588107
4.01E-03	-4.626394
4.01E-03	-4.692172
4.01E-03	-4.756789
4.01E-03	-4.840757
4.01E-03	-4.894322
4.01E-03	-4.924868
4.01E-03	-4.944845
4.01E-03	-4.956389
4.01E-03	-4.964095
4.01E-03	-4.970408
4.02E-03	-4.978669
4.02E-03	-4.979854
4.02E-03	-4.980309
4.02E-03	-4.980853
4.02E-03	-4.981852
4.02E-03	-4.983127
4.02E-03	-4.984161
4.02E-03	-4.984883
4.02E-03	-4.985216
4.02E-03	-4.985777
4.02E-03	-4.985616
4.02E-03	-4.984402
4.02E-03	-4.980809
4.03E-03	-4.97182
4.03E-03	-4.943869
4.03E-03	-4.867749
4.03E-03	-4.829828
4.03E-03	-4.680541
4.03E-03	-4.631201
4.03E-03	-4.511551
4.03E-03	-4.271966
4.03E-03	-4.003998
4.03E-03	-3.862841
4.03E-03	-3.686916
4.03E-03	-3.600951
4.03E-03	-3.538752
4.03E-03	-3.509624
4.03E-03	-3.495941
4.03E-03	-3.49735
4.03E-03	-3.509024
4.03E-03	-3.531236
4.03E-03	-3.550205
4.03E-03	-3.565615
4.03E-03	-3.573393
4.03E-03	-3.574676
4.03E-03	-3.56823
4.03E-03	-3.550466
4.03E-03	-3.508343
4.03E-03	-3.44354
4.03E-03	-3.325124
4.03E-03	-3.156483
4.03E-03	-3.012004
4.03E-03	-2.899782
4.03E-03	-2.7808
4.03E-03	-2.768288
4.03E-03	-2.738618
4.03E-03	-2.730564
4.03E-03	-2.722467
4.03E-03	-2.714325
4.03E-03	-2.70614
4.03E-03	-2.697911
4.03E-03	-2.689638
4.03E-03	-2.681321
4.03E-03	-2.657914
4.03E-03	-2.61132
4.03E-03	-2.517226
4.03E-03	-2.391722
4.03E-03	-2.255302
4.03E-03	-2.07106
4.03E-03	-1.864325
4.03E-03	-1.653138
4.03E-03	-1.145575
4.03E-03	-0.8127893
4.03E-03	-0.3888217
4.03E-03	0.08609451
4.03E-03	0.7739236
4.03E-03	1.482437
4.04E-03	2.67078
4.04E-03	2.875013
4.04E-03	3.274419
4.04E-03	4.056839
4.04E-03	4.239113
4.04E-03	4.588305
4.04E-03	4.619954
4.04E-03	4.687365
4.04E-03	4.747543
4.04E-03	4.837793
4.04E-03	4.895906
4.04E-03	4.926389
4.04E-03	4.945714
4.04E-03	4.957146
4.04E-03	4.964294
4.04E-03	4.970993
4.04E-03	4.978717
4.04E-03	4.979402
4.04E-03	4.979893
4.04E-03	4.980369
4.04E-03	4.980963
4.04E-03	4.982048
4.05E-03	4.983245
4.05E-03	4.984313
4.05E-03	4.984894
4.05E-03	4.985547
4.05E-03	4.985674
4.05E-03	4.985732
4.05E-03	4.985368
4.05E-03	4.984581
4.05E-03	4.983372
4.05E-03	4.98174
4.05E-03	4.979686
4.05E-03	4.977209
4.05E-03	4.965549
4.05E-03	4.938539
4.05E-03	4.860307
4.05E-03	4.820049
4.05E-03	4.667315
4.05E-03	4.620807
4.05E-03	4.510661
4.05E-03	4.290802
4.05E-03	4.008504
4.05E-03	3.865637
4.05E-03	3.690423
4.05E-03	3.605965
4.05E-03	3.544113
4.05E-03	3.515609
4.05E-03	3.502275
4.05E-03	3.503759
4.05E-03	3.515277
4.05E-03	3.539479
4.05E-03	3.548627
4.05E-03	3.556693
4.05E-03	3.563676
4.05E-03	3.569578
4.05E-03	3.574398
4.05E-03	3.578136
4.05E-03	3.580792
4.05E-03	3.57908
4.05E-03	3.570975
4.05E-03	3.569231
4.05E-03	3.567281
4.05E-03	3.565126
4.05E-03	3.562766
4.05E-03	3.5602
4.05E-03	3.557429
4.05E-03	3.554452
4.05E-03	3.536437
4.05E-03	3.489558
4.05E-03	3.381963
4.06E-03	3.236793
4.06E-03	3.083565
4.06E-03	2.964814
4.06E-03	2.858393
4.06E-03	2.750979
4.06E-03	2.737582
4.06E-03	2.728829
4.06E-03	2.720024
4.06E-03	2.711169
4.06E-03	2.702262
4.06E-03	2.693304
4.06E-03	2.684295
4.06E-03	2.675235
4.06E-03	2.648997
4.06E-03	2.596507
4.06E-03	2.489491
4.06E-03	2.355047
4.06E-03	2.210825
4.06E-03	2.019336
4.06E-03	1.774502
4.06E-03	1.560187
4.06E-03	1.280608
4.06E-03	0.9882936
4.06E-03	0.6505043
4.06E-03	0.234451
4.06E-03	-0.3190408
4.06E-03	-0.9418286
4.06E-03	-1.83501
4.06E-03	-2.768094
4.07E-03	-4.564768
4.07E-03	-4.588557
4.07E-03	-4.626617
4.07E-03	-4.692033
4.07E-03	-4.756618
4.07E-03	-4.840477
4.07E-03	-4.894145
4.07E-03	-4.924782
4.07E-03	-4.944802
4.07E-03	-4.95635
4.07E-03	-4.9641
4.07E-03	-4.970391
4.07E-03	-4.978659
4.07E-03	-4.979837
4.07E-03	-4.98028
4.07E-03	-4.980803
4.07E-03	-4.981771
4.07E-03	-4.982922
4.07E-03	-4.984023
4.07E-03	-4.985027
4.08E-03	-4.985384
4.08E-03	-4.985886
4.08E-03	-4.984754
4.08E-03	-4.982275
4.08E-03	-4.976596
4.08E-03	-4.964516
4.08E-03	-4.959206
4.08E-03	-4.942136
4.08E-03	-4.935195
4.08E-03	-4.902317
4.08E-03	-4.783427
4.08E-03	-4.749056
4.08E-03	-4.637639
4.08E-03	-4.43851
4.08E-03	-4.215903
4.08E-03	-3.940358
4.08E-03	-3.798625
4.08E-03	-3.649732
4.08E-03	-3.58671
4.08E-03	-3.524669
4.08E-03	-3.504597
4.08E-03	-3.498016
4.08E-03	-3.502785
4.08E-03	-3.515063
4.08E-03	-3.539169
4.08E-03	-3.558325
4.08E-03	-3.572363
4.08E-03	-3.578143
4.08E-03	-3.576756
4.08E-03	-3.567013
4.08E-03	-3.541643
4.08E-03	-3.490542
4.08E-03	-3.410876
4.08E-03	-3.27581
4.08E-03	-3.119198
4.08E-03	-2.99225
4.08E-03	-2.883626
4.08E-03	-2.770862
4.08E-03	-2.757936
4.08E-03	-2.727157
4.08E-03	-2.720956
4.08E-03	-2.714718
4.08E-03	-2.708443
4.08E-03	-2.702132
4.08E-03	-2.695783
4.08E-03	-2.689397
4.08E-03	-2.682975
4.08E-03	-2.658282
4.08E-03	-2.609035
4.08E-03	-2.509213
4.08E-03	-2.379669
4.08E-03	-2.238624
4.08E-03	-2.051896
4.08E-03	-1.831688
4.08E-03	-1.620452
4.08E-03	-1.075102
4.09E-03	-0.7424448
4.09E-03	-0.3309188
4.09E-03	0.2336037
4.09E-03	0.9192799
4.09E-03	1.947315
4.09E-03	2.834955
4.09E-03	3.695607
4.09E-03	4.397663
4.09E-03	4.505399
4.09E-03	4.645657
4.09E-03	4.739069
4.09E-03	4.810974
4.09E-03	4.871264
4.09E-03	4.910672
4.09E-03	4.934186
4.09E-03	4.950239
4.09E-03	4.958085
4.09E-03	4.964582
4.09E-03	4.972986
4.09E-03	4.978986
4.10E-03	4.979899
4.10E-03	4.980323
4.10E-03	4.981018
4.10E-03	4.982278
4.10E-03	4.983384
4.10E-03	4.984497
4.10E-03	4.984971
4.10E-03	4.985563
4.10E-03	4.98562
4.10E-03	4.985655
4.10E-03	4.985347
4.10E-03	4.984698
4.10E-03	4.983707
4.10E-03	4.982374
4.10E-03	4.980699
4.10E-03	4.978682
4.11E-03	4.963562
4.11E-03	4.929092
4.11E-03	4.81055
4.11E-03	4.771442
4.11E-03	4.624938
4.11E-03	4.416972
4.11E-03	4.14987
4.11E-03	3.920839
4.11E-03	3.775296
4.11E-03	3.636548
4.11E-03	3.574524
4.11E-03	3.523635
4.11E-03	3.504686
4.11E-03	3.4987
4.11E-03	3.504937
4.11E-03	3.508162
4.11E-03	3.511828
4.11E-03	3.515937
4.11E-03	3.520487
4.11E-03	3.525479
4.11E-03	3.530914
4.11E-03	3.53679
4.11E-03	3.553653
4.11E-03	3.568966
4.11E-03	3.576614
4.11E-03	3.577451
4.11E-03	3.5703
4.11E-03	3.550357
4.11E-03	3.512944
4.11E-03	3.507537
4.11E-03	3.501835
4.11E-03	3.495839
4.11E-03	3.489547
4.11E-03	3.482961
4.11E-03	3.47608
4.11E-03	3.468904
4.11E-03	3.428141
4.11E-03	3.337789
4.11E-03	3.175704
4.11E-03	3.032873
4.11E-03	2.918447
4.11E-03	2.797117
4.11E-03	2.784518
4.11E-03	2.760792
4.11E-03	2.714344
4.11E-03	2.694232
4.11E-03	2.659198
4.11E-03	2.612646
4.11E-03	2.518429
4.11E-03	2.387844
4.11E-03	2.245531
4.11E-03	2.057963
4.11E-03	1.843021
4.11E-03	1.631495
4.11E-03	1.106421
4.11E-03	0.7749377
4.11E-03	0.3560133
4.11E-03	-0.1671438
4.11E-03	-0.9391658
4.11E-03	-1.74066
4.12E-03	-2.867255
4.12E-03	-3.143316
4.12E-03	-3.680316
4.12E-03	-4.349049
4.12E-03	-4.503634
4.12E-03	-4.64652
4.12E-03	-4.736706
4.12E-03	-4.809703
4.12E-03	-4.871045
4.12E-03	-4.910756
4.12E-03	-4.934295
4.12E-03	-4.950336
4.12E-03	-4.958175
4.12E-03	-4.96466
4.12E-03	-4.973052
4.12E-03	-4.979002
4.12E-03	-4.97991
4.12E-03	-4.980331
4.12E-03	-4.981029
4.12E-03	-4.982292
4.13E-03	-4.983395
4.13E-03	-4.984508
4.13E-03	-4.984975
4.13E-03	-4.985564
4.13E-03	-4.985614
4.13E-03	-4.984459
4.13E-03	-4.980996
4.13E-03	-4.972174
4.13E-03	-4.942597
4.13E-03	-4.862448
4.13E-03	-4.823862
4.13E-03	-4.672581
4.13E-03	-4.622986
4.13E-03	-4.504634
4.13E-03	-4.268122
4.13E-03	-4.00655
4.13E-03	-3.866498
4.13E-03	-3.690709
4.13E-03	-3.603112
4.13E-03	-3.540306
4.13E-03	-3.51067
4.13E-03	-3.497004
4.13E-03	-3.499055
4.13E-03	-3.511453
4.13E-03	-3.532873
4.13E-03	-3.551254
4.13E-03	-3.56638
4.13E-03	-3.573976
4.13E-03	-3.575057
4.13E-03	-3.568356
4.13E-03	-3.55006
4.13E-03	-3.507365
4.13E-03	-3.441393
4.13E-03	-3.322031
4.13E-03	-3.150162
4.13E-03	-3.005887
4.14E-03	-2.894217
4.14E-03	-2.776603
4.14E-03	-2.764076
4.14E-03	-2.734339
4.14E-03	-2.693642
4.14E-03	-2.658231
4.14E-03	-2.611294
4.14E-03	-2.516465
4.14E-03	-2.390018
4.14E-03	-2.252617
4.14E-03	-2.068255
4.14E-03	-1.859972
4.14E-03	-1.649094
4.14E-03	-1.13961
4.14E-03	-0.8079351
4.14E-03	-0.3857009
4.14E-03	0.09453636
4.14E-03	0.7923771
4.14E-03	1.509125
4.14E-03	2.686582
4.14E-03	2.90154
4.14E-03	3.118008
4.14E-03	3.331807
4.14E-03	3.54294
4.14E-03	3.751404
4.14E-03	3.957201
4.14E-03	4.16033
4.14E-03	4.360791
4.14E-03	4.544456
4.14E-03	4.644494
4.15E-03	4.729357
4.15E-03	4.798661
4.15E-03	4.862546
4.15E-03	4.905456
4.15E-03	4.931149
4.15E-03	4.948491
4.15E-03	4.957469
4.15E-03	4.96417
4.15E-03	4.972041
4.15E-03	4.978849
4.15E-03	4.979897
4.15E-03	4.98035
4.15E-03	4.980988
4.15E-03	4.982149
4.15E-03	4.983305
4.15E-03	4.984394
4.15E-03	4.984924
4.16E-03	4.985547
4.16E-03	4.985662
4.16E-03	4.98574
4.16E-03	4.985245
4.16E-03	4.984176
4.16E-03	4.982535
4.16E-03	4.980322
4.16E-03	4.977535
4.16E-03	4.974175
4.16E-03	4.966444
4.16E-03	4.965487
4.16E-03	4.964025
4.16E-03	4.962058
4.16E-03	4.959585
4.16E-03	4.956606
4.16E-03	4.953122
4.16E-03	4.949133
4.16E-03	4.941783
4.16E-03	4.907825
4.16E-03	4.778638
4.16E-03	4.740674
4.16E-03	4.616369
4.16E-03	4.425887
4.16E-03	4.205959
4.16E-03	3.981504
4.16E-03	3.847944
4.16E-03	3.691957
4.16E-03	3.617136
4.16E-03	3.550215
4.16E-03	3.519999
4.16E-03	3.504685
4.16E-03	3.504638
4.16E-03	3.51477
4.16E-03	3.521269
4.16E-03	3.527894
4.16E-03	3.534645
4.16E-03	3.541521
4.16E-03	3.548523
4.16E-03	3.55565
4.16E-03	3.562903
4.16E-03	3.576573
4.16E-03	3.582746
4.16E-03	3.581097
4.16E-03	3.573061
4.16E-03	3.571329
4.16E-03	3.569393
4.16E-03	3.567253
4.16E-03	3.564907
4.16E-03	3.562357
4.16E-03	3.559603
4.16E-03	3.556643
4.16E-03	3.538725
4.16E-03	3.492066
4.16E-03	3.38491
4.16E-03	3.240336
4.16E-03	3.087206
4.16E-03	2.96843
4.16E-03	2.862027
4.16E-03	2.754457
4.16E-03	2.741089
4.16E-03	2.729479
4.16E-03	2.717814
4.16E-03	2.706093
4.16E-03	2.694318
4.16E-03	2.682488
4.16E-03	2.670602
4.16E-03	2.658662
4.16E-03	2.619814
4.16E-03	2.540976
4.16E-03	2.381395
4.16E-03	2.222337
4.16E-03	2.030372
4.16E-03	1.814033
4.16E-03	1.608909
4.16E-03	1.331367
4.16E-03	1.062783
4.16E-03	0.7336684
4.17E-03	0.3240676
4.17E-03	-0.259535
4.17E-03	-0.91097
4.17E-03	-1.864443
4.17E-03	-2.824286
4.17E-03	-4.238053
4.17E-03	-4.372629
4.17E-03	-4.610992
4.17E-03	-4.711514
4.17E-03	-4.793699
4.17E-03	-4.853851
4.17E-03	-4.896734
4.17E-03	-4.925552
4.17E-03	-4.944926
4.17E-03	-4.956519
4.17E-03	-4.964031
4.17E-03	-4.970419
4.17E-03	-4.978701
4.17E-03	-4.9794
4.17E-03	-4.979896
4.18E-03	-4.980373
4.18E-03	-4.98096
4.18E-03	-4.982033
4.18E-03	-4.983235
4.18E-03	-4.9843
4.18E-03	-4.984891
4.18E-03	-4.985548
4.18E-03	-4.985672
4.18E-03	-4.984604
4.18E-03	-4.981298
4.18E-03	-4.972551
4.19E-03	-4.936782
4.19E-03	-4.842093
4.19E-03	-4.795295
4.19E-03	-4.605993
4.19E-03	-4.366955
4.19E-03	-4.041183
4.19E-03	-3.865824
4.19E-03	-3.67441
4.19E-03	-3.582363
4.19E-03	-3.530206
4.19E-03	-3.504204
4.19E-03	-3.494478
4.19E-03	-3.499571
4.19E-03	-3.517156
4.19E-03	-3.535499
4.19E-03	-3.552845
4.19E-03	-3.566386
4.19E-03	-3.573227
4.19E-03	-3.57323
4.19E-03	-3.564965
4.19E-03	-3.54288
4.19E-03	-3.497915
4.19E-03	-3.422452
4.19E-03	-3.299488
4.19E-03	-3.128345
4.19E-03	-2.991816
4.19E-03	-2.88215
4.19E-03	-2.767618
4.19E-03	-2.754893
4.19E-03	-2.724614
4.19E-03	-2.718521
4.19E-03	-2.71239
4.19E-03	-2.70622
4.19E-03	-2.700012
4.19E-03	-2.693765
4.19E-03	-2.68748
4.19E-03	-2.681156
4.19E-03	-2.656965
4.19E-03	-2.608813
4.19E-03	-2.511498
4.19E-03	-2.385807
4.19E-03	-2.248555
4.19E-03	-2.064407
4.19E-03	-1.853404
4.19E-03	-1.64244
4.19E-03	-1.130108
4.19E-03	-0.7993984
4.19E-03	-0.3788763
4.19E-03	0.1091489
4.19E-03	0.8216646
4.19E-03	1.551386
4.20E-03	2.715435
4.20E-03	2.947995
4.20E-03	3.400949
4.20E-03	4.285035
4.20E-03	4.463266
4.20E-03	4.528389
4.20E-03	4.627658
4.20E-03	4.711186
4.20E-03	4.786095
4.20E-03	4.860295
4.20E-03	4.905187
4.20E-03	4.930918
4.20E-03	4.948421
4.20E-03	4.957489
4.20E-03	4.9642
4.20E-03	4.971981
4.20E-03	4.978838
4.20E-03	4.979898
4.20E-03	4.980353
4.20E-03	4.980987
4.20E-03	4.982141
4.20E-03	4.983301
4.21E-03	4.984387
4.21E-03	4.984921
4.21E-03	4.985546
4.21E-03	4.985664
4.21E-03	4.985711
4.21E-03	4.985336
4.21E-03	4.984539
4.21E-03	4.983319
4.21E-03	4.981677
4.21E-03	4.979614
4.21E-03	4.977128
4.21E-03	4.965532
4.21E-03	4.938237
4.21E-03	4.859687
4.21E-03	4.819566
4.21E-03	4.667536
4.21E-03	4.620986
4.21E-03	4.510838
4.21E-03	4.290972
4.21E-03	4.008577
4.21E-03	3.86569
4.21E-03	3.690494
4.21E-03	3.606077
4.21E-03	3.544229
4.21E-03	3.515731
4.21E-03	3.502399
4.21E-03	3.503883
4.21E-03	3.515397
4.21E-03	3.539606
4.21E-03	3.548754
4.21E-03	3.55682
4.21E-03	3.563804
4.21E-03	3.569705
4.21E-03	3.574525
4.21E-03	3.578263
4.21E-03	3.580919
4.21E-03	3.579207
4.21E-03	3.571102
4.21E-03	3.569358
4.21E-03	3.567408
4.21E-03	3.565254
4.21E-03	3.562893
4.21E-03	3.560328
4.21E-03	3.557557
4.21E-03	3.554581
4.21E-03	3.536566
4.21E-03	3.489688
4.21E-03	3.382097
4.21E-03	3.236931
4.21E-03	3.083722
4.21E-03	2.964981
4.21E-03	2.858565
4.21E-03	2.751153
4.21E-03	2.737757
4.21E-03	2.729005
4.21E-03	2.720202
4.21E-03	2.711348
4.21E-03	2.702444
4.21E-03	2.693488
4.21E-03	2.684481
4.22E-03	2.675424
4.22E-03	2.649187
4.22E-03	2.596699
4.22E-03	2.489681
4.22E-03	2.355138
4.22E-03	2.21075
4.22E-03	2.019247
4.22E-03	1.774293
4.22E-03	1.559942
4.22E-03	1.28037
4.22E-03	0.9878099
4.22E-03	0.649898
4.22E-03	0.2337402
4.22E-03	-0.3192577
4.22E-03	-0.9421118
4.22E-03	-1.834882
4.22E-03	-2.768028
4.22E-03	-4.564819
4.22E-03	-4.588602
4.22E-03	-4.626651
4.22E-03	-4.692049
4.22E-03	-4.756629
4.23E-03	-4.840468
4.23E-03	-4.894137
4.23E-03	-4.924779
4.23E-03	-4.9448
4.23E-03	-4.956348
4.23E-03	-4.9641
4.23E-03	-4.970391
4.23E-03	-4.978658
4.23E-03	-4.979836
4.23E-03	-4.980279
4.23E-03	-4.980802
4.23E-03	-4.981767
4.23E-03	-4.982918
4.23E-03	-4.98402
4.23E-03	-4.985024
4.23E-03	-4.985382
4.24E-03	-4.985885
4.24E-03	-4.984774
4.24E-03	-4.982322
4.24E-03	-4.976701
4.24E-03	-4.964732
4.24E-03	-4.95951
4.24E-03	-4.942769
4.24E-03	-4.936002
4.24E-03	-4.904394
4.24E-03	-4.790587
4.24E-03	-4.756582
4.24E-03	-4.644581
4.24E-03	-4.437124
4.24E-03	-4.204821
4.24E-03	-3.902445
4.24E-03	-3.752038
4.24E-03	-3.614421
4.24E-03	-3.561661
4.24E-03	-3.514312
4.24E-03	-3.500319
4.24E-03	-3.497667
4.24E-03	-3.504389
4.24E-03	-3.517355
4.24E-03	-3.542636
4.24E-03	-3.561606
4.24E-03	-3.573774
4.24E-03	-3.578137
4.24E-03	-3.575366
4.24E-03	-3.564005
4.24E-03	-3.536477
4.24E-03	-3.480668
4.24E-03	-3.396811
4.24E-03	-3.25293
4.24E-03	-3.096647
4.24E-03	-2.972668
4.24E-03	-2.865028
4.24E-03	-2.755548
4.24E-03	-2.74239
4.24E-03	-2.73098
4.24E-03	-2.719526
4.24E-03	-2.708029
4.24E-03	-2.696489
4.24E-03	-2.684905
4.24E-03	-2.673279
4.24E-03	-2.661609
4.24E-03	-2.623146
4.24E-03	-2.545699
4.24E-03	-2.415653
4.24E-03	-2.251408
4.24E-03	-2.079901
4.24E-03	-1.86768
4.24E-03	-1.654813
4.24E-03	-1.149423
4.24E-03	-0.8182117
4.24E-03	-0.3957402
4.25E-03	0.07444727
4.25E-03	0.751501
4.25E-03	1.450766
4.25E-03	2.646827
4.25E-03	2.841235
4.25E-03	3.221981
4.25E-03	3.969197
4.25E-03	4.275128
4.25E-03	4.443286
4.25E-03	4.579013
4.25E-03	4.671337
4.25E-03	4.765659
4.25E-03	4.830388
4.25E-03	4.880315
4.25E-03	4.915483
4.25E-03	4.936984
4.25E-03	4.95184
4.25E-03	4.958918
4.25E-03	4.965381
4.25E-03	4.973852
4.25E-03	4.979043
4.25E-03	4.979895
4.25E-03	4.980309
4.26E-03	4.98105
4.26E-03	4.98239
4.26E-03	4.983461
4.26E-03	4.984464
4.26E-03	4.984923
4.26E-03	4.98551
4.26E-03	4.985746
4.26E-03	4.985781
4.26E-03	4.985543
4.26E-03	4.985034
4.26E-03	4.984252
4.26E-03	4.983198
4.26E-03	4.981873
4.26E-03	4.980275
4.26E-03	4.968605
4.26E-03	4.945065
4.27E-03	4.874285
4.27E-03	4.825201
4.27E-03	4.632366
4.27E-03	4.58748
4.27E-03	4.480981
4.27E-03	4.26855
4.27E-03	4.01655
4.27E-03	3.878751
4.27E-03	3.703171
4.27E-03	3.610268
4.27E-03	3.546281
4.27E-03	3.515461
4.27E-03	3.50093
4.27E-03	3.502389
4.27E-03	3.514444
4.27E-03	3.520683
4.27E-03	3.52694
4.27E-03	3.533216
4.27E-03	3.539509
4.27E-03	3.545821
4.27E-03	3.552151
4.27E-03	3.558499
4.27E-03	3.572943
4.27E-03	3.578417
4.27E-03	3.575566
4.27E-03	3.563744
4.27E-03	3.532675
4.27E-03	3.483305
4.27E-03	3.47124
4.27E-03	3.458702
4.27E-03	3.44569
4.27E-03	3.432205
4.27E-03	3.418246
4.27E-03	3.403814
4.27E-03	3.388909
4.27E-03	3.278178
4.27E-03	3.144212
4.27E-03	3.018481
4.27E-03	2.905554
4.27E-03	2.78981
4.27E-03	2.776808
4.27E-03	2.752235
4.27E-03	2.738715
4.27E-03	2.725152
4.27E-03	2.711545
4.27E-03	2.697895
4.27E-03	2.684201
4.27E-03	2.670463
4.27E-03	2.656682
4.27E-03	2.607908
4.27E-03	2.50894
4.27E-03	2.378054
4.27E-03	2.234631
4.27E-03	2.045429
4.27E-03	1.819871
4.27E-03	1.607333
4.27E-03	1.052856
4.27E-03	0.7178323
4.27E-03	0.3036657
4.27E-03	-0.3066627
4.27E-03	-0.9495031
4.27E-03	-1.986476
4.28E-03	-2.934583
4.28E-03	-4.071966
4.28E-03	-4.228061
4.28E-03	-4.529216
4.28E-03	-4.568975
4.28E-03	-4.634533
4.28E-03	-4.71736
4.28E-03	-4.784065
4.28E-03	-4.856379
4.28E-03	-4.902648
4.28E-03	-4.929525
4.28E-03	-4.947582
4.28E-03	-4.9572
4.28E-03	-4.964082
4.28E-03	-4.971502
4.28E-03	-4.978751
4.28E-03	-4.979837
4.28E-03	-4.980266
4.28E-03	-4.980814
4.28E-03	-4.981818
4.28E-03	-4.983107
4.29E-03	-4.984138
4.29E-03	-4.984893
4.29E-03	-4.985227
4.29E-03	-4.985788
4.29E-03	-4.985573
4.29E-03	-4.984286
4.29E-03	-4.980572
4.29E-03	-4.971354
4.29E-03	-4.944816
4.29E-03	-4.87159
4.29E-03	-4.833748
4.29E-03	-4.684416
4.29E-03	-4.635445
4.29E-03	-4.515423
4.29E-03	-4.27479
4.29E-03	-4.002943
4.29E-03	-3.861133
4.29E-03	-3.685233
4.29E-03	-3.600255
4.29E-03	-3.538373
4.29E-03	-3.509538
4.29E-03	-3.496043
4.29E-03	-3.497527
4.29E-03	-3.509196
4.29E-03	-3.531486
4.29E-03	-3.550483
4.29E-03	-3.565897
4.29E-03	-3.573649
4.29E-03	-3.574898
4.29E-03	-3.56841
4.29E-03	-3.550569
4.29E-03	-3.508279
4.29E-03	-3.443343
4.29E-03	-3.324605
4.29E-03	-3.155475
4.29E-03	-3.011218
4.29E-03	-2.899141
4.29E-03	-2.780374
4.29E-03	-2.767858
4.29E-03	-2.738176
4.29E-03	-2.730117
4.29E-03	-2.722013
4.29E-03	-2.713865
4.29E-03	-2.705672
4.29E-03	-2.697434
4.29E-03	-2.689152
4.29E-03	-2.680825
4.29E-03	-2.657398
4.29E-03	-2.610759
4.29E-03	-2.516551
4.30E-03	-2.391184
4.30E-03	-2.255105
4.30E-03	-2.070626
4.30E-03	-1.86358
4.30E-03	-1.652406
4.30E-03	-1.144384
4.30E-03	-0.8118443
4.30E-03	-0.3882504
4.30E-03	0.08785637
4.30E-03	0.7778409
4.30E-03	1.488191
4.30E-03	2.673968
4.30E-03	2.880488
4.30E-03	3.284244
4.30E-03	4.074863
4.30E-03	4.258396
4.30E-03	4.607136
4.30E-03	4.635157
4.30E-03	4.67846
4.30E-03	4.750938
4.30E-03	4.810568
4.30E-03	4.867064
4.31E-03	4.907818
4.31E-03	4.934882
4.31E-03	4.950221
4.31E-03	4.958049
4.31E-03	4.9646
4.31E-03	4.973068
4.31E-03	4.978987
4.31E-03	4.979903
4.31E-03	4.980327
4.31E-03	4.981025
4.31E-03	4.982289
4.31E-03	4.983392
4.31E-03	4.984506
4.31E-03	4.984974
4.31E-03	4.985564
4.32E-03	4.985617
4.32E-03	4.985652
4.32E-03	4.985343
4.32E-03	4.984691
4.32E-03	4.983696
4.32E-03	4.982358
4.32E-03	4.980676
4.32E-03	4.978652
4.32E-03	4.963479
4.32E-03	4.928702
4.32E-03	4.809064
4.32E-03	4.769956
4.32E-03	4.623917
4.32E-03	4.417333
4.32E-03	4.15306
4.32E-03	3.923842
4.32E-03	3.779011
4.32E-03	3.639364
4.32E-03	3.577228
4.32E-03	3.525099
4.32E-03	3.50541
4.32E-03	3.498807
4.32E-03	3.504515
4.32E-03	3.508139
4.32E-03	3.512248
4.32E-03	3.516844
4.32E-03	3.521925
4.32E-03	3.527493
4.32E-03	3.533546
4.32E-03	3.540086
4.32E-03	3.556789
4.32E-03	3.570939
4.32E-03	3.577198
4.32E-03	3.576037
4.32E-03	3.566282
4.32E-03	3.542884
4.32E-03	3.538333
4.32E-03	3.524844
4.32E-03	3.505862
4.32E-03	3.47654
4.32E-03	3.408201
4.32E-03	3.254893
4.32E-03	3.090936
4.32E-03	2.964014
4.32E-03	2.856923
4.32E-03	2.748477
4.32E-03	2.735261
4.32E-03	2.727406
4.32E-03	2.719507
4.32E-03	2.711564
4.32E-03	2.703577
4.32E-03	2.695545
4.32E-03	2.68747
4.32E-03	2.67935
4.32E-03	2.653493
4.32E-03	2.601884
4.32E-03	2.497026
4.32E-03	2.365088
4.32E-03	2.222186
4.32E-03	2.033862
4.32E-03	1.802082
4.32E-03	1.590003
4.32E-03	1.309348
4.32E-03	1.034166
4.32E-03	0.7016168
4.32E-03	0.2896843
4.33E-03	-0.3443951
4.33E-03	-0.959905
4.33E-03	-1.895018
4.33E-03	-2.848654
4.33E-03	-4.258532
4.33E-03	-4.379614
4.33E-03	-4.606196
4.33E-03	-4.625361
4.33E-03	-4.711398
4.33E-03	-4.774948
4.33E-03	-4.848098
4.33E-03	-4.897862
4.33E-03	-4.926958
4.33E-03	-4.945878
4.33E-03	-4.9574
4.33E-03	-4.964315
4.33E-03	-4.971254
4.33E-03	-4.979312
4.33E-03	-4.979794
4.33E-03	-4.980202
4.33E-03	-4.980695
4.34E-03	-4.981611
4.34E-03	-4.982738
4.34E-03	-4.983868
4.34E-03	-4.984881
4.34E-03	-4.985237
4.34E-03	-4.985834
4.34E-03	-4.985412
4.34E-03	-4.983764
4.34E-03	-4.979383
4.34E-03	-4.968735
4.34E-03	-4.942621
4.34E-03	-4.863423
4.34E-03	-4.817484
4.35E-03	-4.639343
4.35E-03	-4.593189
4.35E-03	-4.485337
4.35E-03	-4.270223
4.35E-03	-4.011403
4.35E-03	-3.87255
4.35E-03	-3.696389
4.35E-03	-3.604799
4.35E-03	-3.541635
4.35E-03	-3.511326
4.35E-03	-3.497229
4.35E-03	-3.499006
4.35E-03	-3.511248
4.35E-03	-3.532669
4.35E-03	-3.551059
4.35E-03	-3.566185
4.35E-03	-3.573815
4.35E-03	-3.574951
4.35E-03	-3.568329
4.35E-03	-3.55019
4.35E-03	-3.50776
4.35E-03	-3.442116
4.35E-03	-3.323268
4.35E-03	-3.152502
4.35E-03	-3.007895
4.35E-03	-2.895939
4.35E-03	-2.777855
4.35E-03	-2.765331
4.35E-03	-2.735611
4.35E-03	-2.694989
4.35E-03	-2.659629
4.35E-03	-2.612773
4.35E-03	-2.518158
4.35E-03	-2.391469
4.35E-03	-2.253517
4.35E-03	-2.069519
4.35E-03	-1.862018
4.35E-03	-1.651022
4.35E-03	-1.142469
4.35E-03	-0.8101524
4.35E-03	-0.3869637
4.35E-03	0.09060784
4.35E-03	0.7834871
4.35E-03	1.496114
4.35E-03	2.679113
4.35E-03	2.888537
4.36E-03	3.099391
4.36E-03	3.307791
4.36E-03	3.513739
4.36E-03	3.717234
4.36E-03	3.918276
4.36E-03	4.116865
4.36E-03	4.313001
4.36E-03	4.49738
4.36E-03	4.609621
4.36E-03	4.697514
4.36E-03	4.775973
4.36E-03	4.852809
4.36E-03	4.899349
4.36E-03	4.927132
4.36E-03	4.946026
4.36E-03	4.957554
4.36E-03	4.964355
4.36E-03	4.971394
4.36E-03	4.979282
4.36E-03	4.979763
4.36E-03	4.980152
4.36E-03	4.980615
4.36E-03	4.981482
4.36E-03	4.982581
4.36E-03	4.983739
4.37E-03	4.984756
4.37E-03	4.98512
4.37E-03	4.985845
4.37E-03	4.985316
4.37E-03	4.985314
4.37E-03	4.98465
4.37E-03	4.983324
4.37E-03	4.981335
4.37E-03	4.978685
4.37E-03	4.975372
4.37E-03	4.971397
4.37E-03	4.966413
4.37E-03	4.947096
4.37E-03	4.905615
4.37E-03	4.875202
4.37E-03	4.759085
4.37E-03	4.71493
4.37E-03	4.58773
4.37E-03	4.399654
4.37E-03	4.189643
4.37E-03	3.993348
4.37E-03	3.862826
4.37E-03	3.708648
4.37E-03	3.630076
4.37E-03	3.559786
4.37E-03	3.525495
4.37E-03	3.506945
4.37E-03	3.505303
4.37E-03	3.514766
4.37E-03	3.540899
4.37E-03	3.550233
4.37E-03	3.558537
4.37E-03	3.56581
4.37E-03	3.572052
4.37E-03	3.577264
4.37E-03	3.581446
4.37E-03	3.584597
4.37E-03	3.58423
4.37E-03	3.575372
4.37E-03	3.555054
4.37E-03	3.55188
4.37E-03	3.548461
4.37E-03	3.544798
4.37E-03	3.540891
4.37E-03	3.536739
4.37E-03	3.532342
4.37E-03	3.527702
4.37E-03	3.500365
4.37E-03	3.434756
4.37E-03	3.283699
4.37E-03	3.095612
4.37E-03	2.959957
4.37E-03	2.854295
4.37E-03	2.747074
4.37E-03	2.734073
4.37E-03	2.726343
4.37E-03	2.718566
4.37E-03	2.710743
4.37E-03	2.702873
4.37E-03	2.694957
4.37E-03	2.686995
4.37E-03	2.678986
4.37E-03	2.653431
4.37E-03	2.602301
4.37E-03	2.498099
4.37E-03	2.36393
4.37E-03	2.218376
4.38E-03	2.029103
4.38E-03	1.790898
4.38E-03	1.578571
4.38E-03	1.300488
4.38E-03	1.018003
4.38E-03	0.6858363
4.38E-03	0.2744916
4.38E-03	-0.301831
4.38E-03	-0.9214108
4.38E-03	-1.832955
4.38E-03	-2.764553
4.38E-03	-4.558725
4.38E-03	-4.583411
4.38E-03	-4.62313
4.38E-03	-4.6912
4.38E-03	-4.756123
4.38E-03	-4.841852
4.38E-03	-4.895176
4.38E-03	-4.925307
4.39E-03	-4.945116
4.39E-03	-4.956629
4.39E-03	-4.964155
4.39E-03	-4.970535
4.39E-03	-4.978767
4.39E-03	-4.979899
4.39E-03	-4.980356
4.39E-03	-4.980949
4.39E-03	-4.982031
4.39E-03	-4.983232
4.39E-03	-4.984299
4.39E-03	-4.984893
4.39E-03	-4.98555
4.40E-03	-4.985664
4.40E-03	-4.984581
4.40E-03	-4.981249
4.40E-03	-4.972411
4.40E-03	-4.936677
4.40E-03	-4.843532
4.40E-03	-4.796276
4.40E-03	-4.604885
4.40E-03	-4.362813
4.40E-03	-4.035194
4.40E-03	-3.861706
4.40E-03	-3.672661
4.40E-03	-3.583136
4.40E-03	-3.530332
4.40E-03	-3.504476
4.40E-03	-3.494635
4.40E-03	-3.499667
4.40E-03	-3.516311
4.40E-03	-3.535246
4.40E-03	-3.552784
4.40E-03	-3.566532
4.40E-03	-3.573368
4.40E-03	-3.573399
4.40E-03	-3.565217
4.40E-03	-3.54343
4.40E-03	-3.498271
4.40E-03	-3.423798
4.40E-03	-3.300404
4.40E-03	-3.128079
4.40E-03	-2.991052
4.40E-03	-2.88145
4.40E-03	-2.767006
4.40E-03	-2.754291
4.40E-03	-2.724034
4.40E-03	-2.717943
4.40E-03	-2.711812
4.40E-03	-2.705642
4.40E-03	-2.699433
4.40E-03	-2.693185
4.40E-03	-2.686898
4.40E-03	-2.680572
4.40E-03	-2.656389
4.40E-03	-2.608249
4.40E-03	-2.510942
4.40E-03	-2.385368
4.40E-03	-2.248584
4.40E-03	-2.064234
4.40E-03	-1.853213
4.40E-03	-1.642291
4.40E-03	-1.129945
4.40E-03	-0.7993734
4.40E-03	-0.3790161
4.40E-03	0.109103
4.41E-03	0.821789
4.41E-03	1.551519
4.41E-03	2.715324
4.41E-03	2.948028
4.41E-03	3.401255
4.41E-03	4.285865
4.41E-03	4.463725
4.41E-03	4.528688
4.41E-03	4.627867
4.41E-03	4.711242
4.41E-03	4.786227
4.41E-03	4.860305
4.41E-03	4.905175
4.41E-03	4.93091
4.41E-03	4.948416
4.41E-03	4.957486
4.41E-03	4.964198
4.41E-03	4.971978
4.41E-03	4.978837
4.41E-03	4.979898
4.41E-03	4.980353
4.41E-03	4.980987
4.42E-03	4.982141
4.42E-03	4.9833
4.42E-03	4.984387
4.42E-03	4.984921
4.42E-03	4.985546
4.42E-03	4.985664
4.42E-03	4.985711
4.42E-03	4.985336
4.42E-03	4.984539
4.42E-03	4.98332
4.42E-03	4.981678
4.42E-03	4.979614
4.42E-03	4.977129
4.42E-03	4.965529
4.42E-03	4.938228
4.42E-03	4.859646
4.42E-03	4.819528
4.42E-03	4.667521
4.42E-03	4.620967
4.42E-03	4.510821
4.42E-03	4.290957
4.42E-03	4.008582
4.43E-03	3.865698
4.43E-03	3.6905
4.43E-03	3.606078
4.43E-03	3.544228
4.43E-03	3.515729
4.43E-03	3.502397
4.43E-03	3.50388
4.43E-03	3.515394
4.43E-03	3.539602
4.43E-03	3.54875
4.43E-03	3.556816
4.43E-03	3.5638
4.43E-03	3.569702
4.43E-03	3.574522
4.43E-03	3.578259
4.43E-03	3.580915
4.43E-03	3.579203
4.43E-03	3.571098
4.43E-03	3.569354
4.43E-03	3.567405
4.43E-03	3.56525
4.43E-03	3.56289
4.43E-03	3.560324
4.43E-03	3.557553
4.43E-03	3.554577
4.43E-03	3.536562
4.43E-03	3.489685
4.43E-03	3.382093
4.43E-03	3.236929
4.43E-03	3.083719
4.43E-03	2.964977
4.43E-03	2.858561
4.43E-03	2.751149
4.43E-03	2.737753
4.43E-03	2.729001
4.43E-03	2.720198
4.43E-03	2.711344
4.43E-03	2.702439
4.43E-03	2.693483
4.43E-03	2.684477
4.43E-03	2.675419
4.43E-03	2.649183
4.43E-03	2.596694
4.43E-03	2.489677
4.43E-03	2.355137
4.43E-03	2.210754
4.43E-03	2.019251
4.43E-03	1.774302
4.43E-03	1.559953
4.43E-03	1.28038
4.43E-03	0.9878291
4.43E-03	0.6499215
4.43E-03	0.2337673
4.43E-03	-0.31925
4.43E-03	-0.9421023
4.43E-03	-1.834889
4.43E-03	-2.768034
4.44E-03	-4.564822
4.44E-03	-4.588605
4.44E-03	-4.626653
4.44E-03	-4.69205
4.44E-03	-4.756629
4.44E-03	-4.840467
4.44E-03	-4.894137
4.44E-03	-4.924778
4.44E-03	-4.9448
4.44E-03	-4.956348
4.44E-03	-4.9641
4.44E-03	-4.970391
4.44E-03	-4.978659
4.44E-03	-4.979836
4.44E-03	-4.980279
4.44E-03	-4.980802
4.44E-03	-4.981767
4.44E-03	-4.982918
4.44E-03	-4.98402
4.45E-03	-4.985024
4.45E-03	-4.985381
4.45E-03	-4.985885
4.45E-03	-4.984775
4.45E-03	-4.982325
4.45E-03	-4.976709
4.45E-03	-4.964748
4.45E-03	-4.959532
4.45E-03	-4.942816
4.45E-03	-4.936061
4.45E-03	-4.904546
4.45E-03	-4.791108
4.45E-03	-4.757133
4.45E-03	-4.64509
4.45E-03	-4.436915
4.45E-03	-4.203739
4.45E-03	-3.902621
4.45E-03	-3.752318
4.45E-03	-3.614688
4.45E-03	-3.561843
4.45E-03	-3.514374
4.45E-03	-3.50034
4.45E-03	-3.497674
4.45E-03	-3.504426
4.45E-03	-3.51745
4.45E-03	-3.542825
4.45E-03	-3.561809
4.45E-03	-3.573879
4.45E-03	-3.578164
4.45E-03	-3.575304
4.45E-03	-3.563828
4.45E-03	-3.536053
4.45E-03	-3.479938
4.45E-03	-3.395577
4.45E-03	-3.251098
4.45E-03	-3.094987
4.45E-03	-2.971207
4.45E-03	-2.863609
4.45E-03	-2.754384
4.45E-03	-2.741205
4.45E-03	-2.729771
4.45E-03	-2.718291
4.45E-03	-2.706765
4.45E-03	-2.695191
4.45E-03	-2.68357
4.45E-03	-2.671903
4.45E-03	-2.660189
4.45E-03	-2.615713
4.45E-03	-2.52588
4.45E-03	-2.397431
4.45E-03	-2.25614
4.45E-03	-2.071961
4.46E-03	-1.864693
4.46E-03	-1.653624
4.46E-03	-1.144036
4.46E-03	-0.8115073
4.46E-03	-0.3882662
4.46E-03	0.09174346
4.46E-03	0.789622
4.46E-03	1.506856
4.46E-03	2.685538
4.46E-03	2.900599
4.46E-03	3.117173
4.46E-03	3.331078
4.46E-03	3.542314
4.46E-03	3.750881
4.46E-03	3.956779
4.46E-03	4.160009
4.46E-03	4.360569
4.46E-03	4.544341
4.46E-03	4.644416
4.46E-03	4.729284
4.46E-03	4.798607
4.46E-03	4.862518
4.46E-03	4.905437
4.46E-03	4.931135
4.46E-03	4.948482
4.47E-03	4.957463
4.47E-03	4.964164
4.47E-03	4.972034
4.47E-03	4.978848
4.47E-03	4.979897
4.47E-03	4.980349
4.47E-03	4.980987
4.47E-03	4.982148
4.47E-03	4.983304
4.47E-03	4.984393
4.47E-03	4.984923
4.47E-03	4.985547
4.47E-03	4.985662
4.48E-03	4.985672
4.48E-03	4.985327
4.48E-03	4.984629
4.48E-03	4.983577
4.48E-03	4.98217
4.48E-03	4.98041
4.48E-03	4.978296
4.48E-03	4.972138
4.48E-03	4.962373
4.48E-03	4.940142
4.48E-03	4.927802
4.48E-03	4.885137
4.48E-03	4.865205
4.48E-03	4.802945
4.48E-03	4.779949
4.48E-03	4.711597
4.48E-03	4.542086
4.48E-03	4.335404
4.48E-03	4.107558
4.48E-03	3.949799
4.48E-03	3.812994
4.48E-03	3.676723
4.48E-03	3.601382
4.48E-03	3.542513
4.48E-03	3.515115
4.48E-03	3.503601
4.48E-03	3.507372
4.48E-03	3.510115
4.48E-03	3.513406
4.48E-03	3.517245
4.48E-03	3.521633
4.48E-03	3.526568
4.48E-03	3.532052
4.48E-03	3.538084
4.48E-03	3.554063
4.48E-03	3.570941
4.48E-03	3.581292
4.48E-03	3.584647
4.48E-03	3.580372
4.48E-03	3.565897
4.48E-03	3.531637
4.48E-03	3.476047
4.48E-03	3.455022
4.48E-03	3.433146
4.48E-03	3.410419
4.48E-03	3.386841
4.48E-03	3.362412
4.48E-03	3.337131
4.48E-03	3.311
4.48E-03	3.281066
4.48E-03	3.221211
4.48E-03	3.104712
4.48E-03	2.977646
4.48E-03	2.854523
4.48E-03	2.75126
4.48E-03	2.7374
4.48E-03	2.729136
4.48E-03	2.72082
4.48E-03	2.712451
4.48E-03	2.70403
4.48E-03	2.695557
4.48E-03	2.687032
4.48E-03	2.678454
4.48E-03	2.651019
4.48E-03	2.596011
4.48E-03	2.483525
4.48E-03	2.342829
4.48E-03	2.190528
4.48E-03	1.994639
4.48E-03	1.724741
4.48E-03	1.487573
4.48E-03	1.212034
4.48E-03	0.8623592
4.48E-03	0.4495194
4.48E-03	0.01063742
4.48E-03	-0.5936742
4.49E-03	-1.237717
4.49E-03	-2.352277
4.49E-03	-3.461133
4.49E-03	-3.655772
4.49E-03	-4.034905
4.49E-03	-4.377996
4.49E-03	-4.459457
4.49E-03	-4.603679
4.49E-03	-4.695935
4.49E-03	-4.778852
4.49E-03	-4.84657
4.49E-03	-4.892387
4.49E-03	-4.922915
4.49E-03	-4.942018
4.49E-03	-4.954352
4.49E-03	-4.963789
4.49E-03	-4.969399
4.49E-03	-4.976534
4.49E-03	-4.979989
4.49E-03	-4.980273
4.49E-03	-4.980802
4.50E-03	-4.981766
4.50E-03	-4.982924
4.50E-03	-4.984025
4.50E-03	-4.985026
4.50E-03	-4.985384
4.50E-03	-4.985897
4.50E-03	-4.984762
4.50E-03	-4.982303
4.50E-03	-4.97665
4.50E-03	-4.964606
4.50E-03	-4.959341
4.50E-03	-4.942432
4.50E-03	-4.935578
4.50E-03	-4.903356
4.50E-03	-4.787107
4.50E-03	-4.752926
4.50E-03	-4.641238
4.50E-03	-4.438131
4.50E-03	-4.210582
4.50E-03	-3.930155
4.50E-03	-3.786227
4.50E-03	-3.640579
4.50E-03	-3.580238
4.50E-03	-3.522026
4.51E-03	-3.503731
4.51E-03	-3.498093
4.51E-03	-3.50322
4.51E-03	-3.515653
4.51E-03	-3.54043
4.51E-03	-3.559711
4.51E-03	-3.573172
4.51E-03	-3.578503
4.51E-03	-3.576663
4.51E-03	-3.566435
4.51E-03	-3.540462
4.51E-03	-3.487937
4.51E-03	-3.407109
4.51E-03	-3.269367
4.51E-03	-3.112379
4.51E-03	-2.986973
4.51E-03	-2.878937
4.51E-03	-2.767123
4.51E-03	-2.754136
4.51E-03	-2.723181
4.51E-03	-2.716928
4.51E-03	-2.710632
4.51E-03	-2.704292
4.51E-03	-2.69791
4.51E-03	-2.691485
4.51E-03	-2.685017
4.51E-03	-2.678507
4.51E-03	-2.653603
4.51E-03	-2.603901
4.51E-03	-2.503022
4.51E-03	-2.373596
4.51E-03	-2.233878
4.51E-03	-2.045815
4.51E-03	-1.821491
4.51E-03	-1.610208
4.51E-03	-1.061481
4.51E-03	-0.7294522
4.51E-03	-0.3182633
4.51E-03	0.2674542
4.51E-03	0.9251813
4.51E-03	2.009849
4.51E-03	2.739987
4.52E-03	3.686124
4.52E-03	4.281407
4.52E-03	4.502698
4.52E-03	4.535363
4.52E-03	4.592703
4.52E-03	4.687875
4.52E-03	4.758286
4.52E-03	4.852407
4.52E-03	4.901003
4.52E-03	4.927946
4.52E-03	4.946756
4.52E-03	4.95702
4.52E-03	4.964074
4.52E-03	4.971082
4.52E-03	4.97932
4.52E-03	4.979803
4.52E-03	4.98022
4.52E-03	4.980725
4.52E-03	4.98166
4.52E-03	4.982797
4.52E-03	4.983917
4.53E-03	4.984928
4.53E-03	4.985284
4.53E-03	4.985855
4.53E-03	4.985272
4.53E-03	4.985194
4.53E-03	4.984697
4.53E-03	4.98378
4.53E-03	4.982443
4.53E-03	4.980687
4.53E-03	4.97851
4.53E-03	4.975914
4.53E-03	4.966689
4.53E-03	4.936148
4.53E-03	4.85948
4.53E-03	4.820798
4.53E-03	4.675014
4.53E-03	4.628414
4.53E-03	4.517522
4.53E-03	4.295796
4.53E-03	4.003301
4.53E-03	3.858852
4.53E-03	3.684103
4.53E-03	3.602514
4.53E-03	3.541401
4.53E-03	3.513678
4.53E-03	3.500823
4.53E-03	3.502471
4.53E-03	3.513911
4.53E-03	3.53839
4.53E-03	3.547553
4.53E-03	3.555625
4.53E-03	3.562608
4.53E-03	3.568499
4.53E-03	3.573301
4.53E-03	3.577012
4.53E-03	3.579633
4.53E-03	3.577859
4.53E-03	3.567266
4.53E-03	3.538755
4.53E-03	3.492958
4.53E-03	3.485929
4.53E-03	3.478574
4.53E-03	3.470894
4.53E-03	3.462889
4.53E-03	3.454559
4.53E-03	3.445904
4.53E-03	3.436924
4.53E-03	3.386694
4.53E-03	3.279182
4.53E-03	3.146257
4.53E-03	3.0203
4.53E-03	2.907052
4.53E-03	2.791393
4.53E-03	2.778385
4.53E-03	2.753797
4.53E-03	2.73953
4.53E-03	2.725215
4.53E-03	2.710851
4.53E-03	2.696439
4.53E-03	2.681978
4.53E-03	2.667469
4.53E-03	2.652911
4.53E-03	2.604071
4.53E-03	2.504835
4.53E-03	2.373746
4.53E-03	2.231812
4.53E-03	2.04031
4.53E-03	1.810936
4.53E-03	1.597897
4.54E-03	1.314847
4.54E-03	1.038421
4.54E-03	0.7024757
4.54E-03	0.2873046
4.54E-03	-0.3556624
4.54E-03	-0.9750374
4.54E-03	-1.914894
4.54E-03	-2.880054
4.54E-03	-4.117393
4.54E-03	-4.261682
4.54E-03	-4.539158
4.54E-03	-4.576036
4.54E-03	-4.636662
4.54E-03	-4.71879
4.54E-03	-4.784422
4.54E-03	-4.856419
4.54E-03	-4.902738
4.54E-03	-4.929613
4.54E-03	-4.947628
4.54E-03	-4.95721
4.54E-03	-4.964083
4.55E-03	-4.971525
4.55E-03	-4.978755
4.55E-03	-4.979841
4.55E-03	-4.980273
4.55E-03	-4.980826
4.55E-03	-4.981842
4.55E-03	-4.983119
4.55E-03	-4.984156
4.55E-03	-4.98489
4.55E-03	-4.985225
4.55E-03	-4.985784
4.55E-03	-4.985589
4.56E-03	-4.984333
4.56E-03	-4.980672
4.56E-03	-4.971555
4.56E-03	-4.944522
4.56E-03	-4.870379
4.56E-03	-4.832768
4.56E-03	-4.685422
4.56E-03	-4.641627
4.56E-03	-4.534033
4.56E-03	-4.318297
4.56E-03	-3.993242
4.56E-03	-3.843227
4.56E-03	-3.667953
4.56E-03	-3.591154
4.56E-03	-3.532391
4.56E-03	-3.506636
4.56E-03	-3.495153
4.56E-03	-3.497471
4.56E-03	-3.509034
4.56E-03	-3.531911
4.56E-03	-3.551015
4.56E-03	-3.566298
4.56E-03	-3.573687
4.56E-03	-3.574507
4.56E-03	-3.567506
4.56E-03	-3.54874
4.56E-03	-3.50473
4.56E-03	-3.43816
4.56E-03	-3.316189
4.56E-03	-3.141274
4.56E-03	-2.998093
4.56E-03	-2.887231
4.56E-03	-2.771001
4.56E-03	-2.75844
4.56E-03	-2.728592
4.56E-03	-2.721873
4.56E-03	-2.715114
4.56E-03	-2.708315
4.56E-03	-2.701477
4.56E-03	-2.694599
4.56E-03	-2.687681
4.56E-03	-2.680723
4.56E-03	-2.656957
4.56E-03	-2.609653
4.56E-03	-2.514086
4.56E-03	-2.388783
4.56E-03	-2.253192
4.56E-03	-2.068815
4.56E-03	-1.861
4.56E-03	-1.650052
4.56E-03	-1.141789
4.56E-03	-0.8100592
4.56E-03	-0.3874978
4.56E-03	0.08959818
4.56E-03	0.7809401
4.57E-03	1.492233
4.57E-03	2.675362
4.57E-03	2.883413
4.57E-03	3.290086
4.57E-03	4.086208
4.57E-03	4.270524
4.57E-03	4.618763
4.57E-03	4.647948
4.57E-03	4.692171
4.57E-03	4.765528
4.57E-03	4.824031
4.57E-03	4.875265
4.57E-03	4.912573
4.57E-03	4.937463
4.57E-03	4.951691
4.57E-03	4.958889
4.57E-03	4.965374
4.57E-03	4.973866
4.57E-03	4.979029
4.57E-03	4.979894
4.57E-03	4.980312
4.57E-03	4.981048
4.58E-03	4.982378
4.58E-03	4.983453
4.58E-03	4.98446
4.58E-03	4.984922
4.58E-03	4.985511
4.58E-03	4.985744
4.58E-03	4.985779
4.58E-03	4.98554
4.58E-03	4.985028
4.58E-03	4.984243
4.58E-03	4.983185
4.58E-03	4.981853
4.58E-03	4.980249
4.58E-03	4.968529
4.58E-03	4.944925
4.58E-03	4.873548
4.58E-03	4.823642
4.58E-03	4.627782
4.58E-03	4.583035
4.58E-03	4.477305
4.58E-03	4.266417
4.58E-03	4.015997
4.58E-03	3.878623
4.58E-03	3.703668
4.58E-03	3.610946
4.58E-03	3.546657
4.58E-03	3.515697
4.58E-03	3.501029
4.58E-03	3.502382
4.58E-03	3.514342
4.58E-03	3.520088
4.58E-03	3.52591
4.58E-03	3.531808
4.58E-03	3.53778
4.58E-03	3.543829
4.58E-03	3.549953
4.58E-03	3.556152
4.58E-03	3.569425
4.59E-03	3.577348
4.59E-03	3.578336
4.59E-03	3.571168
4.59E-03	3.551435
4.59E-03	3.51387
4.59E-03	3.508492
4.59E-03	3.50282
4.59E-03	3.496856
4.59E-03	3.490598
4.59E-03	3.484048
4.59E-03	3.477204
4.59E-03	3.470068
4.59E-03	3.429536
4.59E-03	3.339672
4.59E-03	3.176744
4.59E-03	3.033349
4.59E-03	2.918871
4.59E-03	2.797589
4.59E-03	2.785006
4.59E-03	2.76131
4.59E-03	2.71492
4.59E-03	2.694851
4.59E-03	2.659862
4.59E-03	2.61336
4.59E-03	2.519233
4.59E-03	2.388605
4.59E-03	2.245687
4.59E-03	2.058419
4.59E-03	1.843147
4.59E-03	1.631591
4.59E-03	1.106439
4.59E-03	0.7752229
4.59E-03	0.3566308
4.59E-03	-0.1669231
4.59E-03	-0.9366848
4.59E-03	-1.73897
4.59E-03	-2.863186
4.59E-03	-3.138693
4.59E-03	-3.674403
4.60E-03	-4.369828
4.60E-03	-4.528728
4.60E-03	-4.661669
4.60E-03	-4.749348
4.60E-03	-4.81873
4.60E-03	-4.872645
4.60E-03	-4.910798
4.60E-03	-4.934309
4.60E-03	-4.950323
4.60E-03	-4.958146
4.60E-03	-4.964641
4.60E-03	-4.973047
4.60E-03	-4.978997
4.60E-03	-4.979909
4.60E-03	-4.980332
4.60E-03	-4.981028
4.60E-03	-4.98229
4.60E-03	-4.983393
4.60E-03	-4.984506
4.61E-03	-4.984974
4.61E-03	-4.985563
4.61E-03	-4.985616
4.61E-03	-4.984464
4.61E-03	-4.981008
4.61E-03	-4.972196
4.61E-03	-4.9425
4.61E-03	-4.862057
4.61E-03	-4.823379
4.61E-03	-4.67179
4.61E-03	-4.622194
4.61E-03	-4.503994
4.61E-03	-4.267822
4.61E-03	-4.006702
4.61E-03	-3.866734
4.61E-03	-3.69095
4.61E-03	-3.603216
4.61E-03	-3.540365
4.61E-03	-3.510691
4.61E-03	-3.496995
4.61E-03	-3.499026
4.61E-03	-3.511414
4.61E-03	-3.532833
4.61E-03	-3.551217
4.61E-03	-3.566345
4.61E-03	-3.573946
4.61E-03	-3.575034
4.61E-03	-3.568341
4.61E-03	-3.550062
4.61E-03	-3.507397
4.61E-03	-3.441456
4.61E-03	-3.32215
4.61E-03	-3.150388
4.61E-03	-3.006082
4.61E-03	-2.894386
4.61E-03	-2.776727
4.61E-03	-2.764201
4.61E-03	-2.734467
4.61E-03	-2.69378
4.61E-03	-2.658376
4.61E-03	-2.611448
4.61E-03	-2.516644
4.61E-03	-2.390166
4.61E-03	-2.252679
4.61E-03	-2.068367
4.61E-03	-1.860152
4.61E-03	-1.649266
4.62E-03	-1.139876
4.62E-03	-0.8081523
4.62E-03	-0.3858428
4.62E-03	0.09413754
4.62E-03	0.7914953
4.62E-03	1.507837
4.62E-03	2.685784
4.62E-03	2.900199
4.62E-03	3.116113
4.62E-03	3.329383
4.62E-03	3.540009
4.62E-03	3.747992
4.62E-03	3.953331
4.62E-03	4.156027
4.62E-03	4.35608
4.62E-03	4.539967
4.62E-03	4.640848
4.62E-03	4.725913
4.62E-03	4.795911
4.62E-03	4.861233
4.62E-03	4.904704
4.62E-03	4.930686
4.62E-03	4.948224
4.62E-03	4.95738
4.62E-03	4.964132
4.62E-03	4.971857
4.63E-03	4.978808
4.63E-03	4.979896
4.63E-03	4.980358
4.63E-03	4.980983
4.63E-03	4.982121
4.63E-03	4.983288
4.63E-03	4.984371
4.63E-03	4.984915
4.63E-03	4.985545
4.63E-03	4.985669
4.63E-03	4.985698
4.63E-03	4.985407
4.63E-03	4.984795
4.63E-03	4.983862
4.63E-03	4.982609
4.64E-03	4.981034
4.64E-03	4.979139
4.64E-03	4.965232
4.64E-03	4.936808
4.64E-03	4.83961
4.64E-03	4.799704
4.64E-03	4.650455
4.64E-03	4.601981
4.64E-03	4.492118
4.64E-03	4.272939
4.64E-03	4.013253
4.64E-03	3.873977
4.64E-03	3.6983
4.64E-03	3.608027
4.64E-03	3.544864
4.64E-03	3.514675
4.64E-03	3.500238
4.64E-03	3.501229
4.64E-03	3.512636
4.64E-03	3.518915
4.64E-03	3.525254
4.64E-03	3.531654
4.64E-03	3.538114
4.64E-03	3.544634
4.64E-03	3.551215
4.64E-03	3.557856
4.64E-03	3.572458
4.64E-03	3.578201
4.64E-03	3.574733
4.64E-03	3.561778
4.64E-03	3.532729
4.64E-03	3.528647
4.64E-03	3.524303
4.64E-03	3.519698
4.64E-03	3.514831
4.64E-03	3.509703
4.64E-03	3.504313
4.64E-03	3.498662
4.64E-03	3.466054
4.64E-03	3.390855
4.64E-03	3.224927
4.64E-03	3.062866
4.64E-03	2.940269
4.64E-03	2.834212
4.64E-03	2.729408
4.64E-03	2.712469
4.64E-03	2.709082
4.64E-03	2.705667
4.64E-03	2.702225
4.64E-03	2.698754
4.64E-03	2.695256
4.64E-03	2.691731
4.64E-03	2.688177
4.64E-03	2.647505
4.64E-03	2.59337
4.64E-03	2.483869
4.64E-03	2.350034
4.64E-03	2.206725
4.64E-03	2.016733
4.64E-03	1.771267
4.64E-03	1.557304
4.64E-03	1.278349
4.64E-03	0.9879968
4.64E-03	0.6520959
4.64E-03	0.2378362
4.64E-03	-0.3167859
4.64E-03	-0.9370784
4.65E-03	-1.830047
4.65E-03	-2.759237
4.65E-03	-4.549562
4.65E-03	-4.575658
4.65E-03	-4.617978
4.65E-03	-4.69018
4.65E-03	-4.755049
4.65E-03	-4.847621
4.65E-03	-4.903837
4.65E-03	-4.93343
4.65E-03	-4.949631
4.65E-03	-4.958033
4.65E-03	-4.964564
4.65E-03	-4.972951
4.65E-03	-4.978995
4.65E-03	-4.979903
4.65E-03	-4.980324
4.65E-03	-4.98102
4.65E-03	-4.982283
4.66E-03	-4.983387
4.66E-03	-4.984501
4.66E-03	-4.984972
4.66E-03	-4.985564
4.66E-03	-4.985618
4.66E-03	-4.984473
4.66E-03	-4.981032
4.66E-03	-4.972247
4.66E-03	-4.942439
4.66E-03	-4.861794
4.66E-03	-4.823195
4.66E-03	-4.67194
4.66E-03	-4.622284
4.66E-03	-4.503983
4.66E-03	-4.267605
4.66E-03	-4.006476
4.66E-03	-3.866503
4.66E-03	-3.690701
4.66E-03	-3.602976
4.66E-03	-3.540134
4.66E-03	-3.510463
4.66E-03	-3.496771
4.66E-03	-3.498803
4.66E-03	-3.511193
4.66E-03	-3.532602
4.66E-03	-3.550981
4.66E-03	-3.566106
4.66E-03	-3.573705
4.66E-03	-3.574792
4.66E-03	-3.568098
4.66E-03	-3.549815
4.66E-03	-3.507147
4.67E-03	-3.441197
4.67E-03	-3.321886
4.67E-03	-3.150109
4.67E-03	-3.005759
4.67E-03	-2.894041
4.67E-03	-2.776373
4.67E-03	-2.763844
4.67E-03	-2.734107
4.67E-03	-2.693391
4.67E-03	-2.657981
4.67E-03	-2.611051
4.67E-03	-2.516251
4.67E-03	-2.390154
4.67E-03	-2.253257
4.67E-03	-2.068907
4.67E-03	-1.861084
4.67E-03	-1.650137
4.67E-03	-1.141281
4.67E-03	-0.8092842
4.67E-03	-0.3865344
4.67E-03	0.09197163
4.67E-03	0.7865131
4.67E-03	1.500521
4.67E-03	2.681384
4.67E-03	2.892685
4.67E-03	3.105436
4.67E-03	3.315669
4.67E-03	3.523384
4.67E-03	3.728582
4.67E-03	3.931261
4.67E-03	4.131423
4.68E-03	4.329067
4.68E-03	4.513592
4.68E-03	4.620686
4.68E-03	4.707396
4.68E-03	4.78114
4.68E-03	4.864358
4.68E-03	4.909453
4.68E-03	4.933497
4.68E-03	4.949965
4.68E-03	4.958079
4.68E-03	4.964563
4.68E-03	4.972913
4.68E-03	4.97901
4.68E-03	4.979904
4.68E-03	4.980321
4.68E-03	4.981021
4.68E-03	4.98229
4.68E-03	4.983391
4.68E-03	4.984507
4.68E-03	4.984975
4.69E-03	4.985565
4.69E-03	4.985614
4.69E-03	4.985649
4.69E-03	4.985339
4.69E-03	4.984685
4.69E-03	4.983685
4.69E-03	4.982342
4.69E-03	4.980653
4.69E-03	4.97862
4.69E-03	4.963351
4.69E-03	4.928028
4.69E-03	4.806434
4.69E-03	4.767349
4.69E-03	4.622186
4.69E-03	4.417819
4.69E-03	4.158314
4.69E-03	3.928966
4.69E-03	3.785359
4.69E-03	3.644156
4.69E-03	3.581638
4.69E-03	3.527462
4.69E-03	3.50653
4.69E-03	3.498883
4.69E-03	3.503747
4.69E-03	3.506633
4.69E-03	3.509995
4.69E-03	3.513833
4.69E-03	3.518146
4.69E-03	3.522936
4.69E-03	3.528202
4.69E-03	3.533943
4.69E-03	3.550401
4.69E-03	3.566603
4.69E-03	3.575622
4.69E-03	3.577909
4.69E-03	3.572474
4.69E-03	3.555562
4.69E-03	3.522444
4.69E-03	3.509897
4.69E-03	3.494026
4.69E-03	3.458197
4.69E-03	3.375909
4.69E-03	3.196498
4.69E-03	3.024307
4.69E-03	2.902507
4.69E-03	2.795337
4.69E-03	2.782238
4.69E-03	2.757497
4.69E-03	2.704554
4.69E-03	2.662078
4.69E-03	2.623164
4.69E-03	2.5448
4.69E-03	2.415492
4.69E-03	2.24868
4.69E-03	2.078767
4.69E-03	1.864503
4.69E-03	1.651402
4.69E-03	1.145388
4.70E-03	0.8154994
4.70E-03	0.3947562
4.70E-03	-0.07768948
4.70E-03	-0.7583566
4.70E-03	-1.460452
4.70E-03	-2.63383
4.70E-03	-4.173212
4.70E-03	-4.354887
4.70E-03	-4.664186
4.70E-03	-4.770731
4.70E-03	-4.848095
4.70E-03	-4.899518
4.70E-03	-4.929127
4.70E-03	-4.946712
4.70E-03	-4.956784
4.70E-03	-4.963887
4.70E-03	-4.970851
4.71E-03	-4.978707
4.71E-03	-4.979847
4.71E-03	-4.980291
4.71E-03	-4.980836
4.71E-03	-4.981836
4.71E-03	-4.983117
4.71E-03	-4.984149
4.71E-03	-4.984887
4.71E-03	-4.98522
4.71E-03	-4.985782
4.71E-03	-4.985597
4.71E-03	-4.984351
4.71E-03	-4.980703
4.72E-03	-4.971615
4.72E-03	-4.944349
4.72E-03	-4.869685
4.72E-03	-4.831933
4.72E-03	-4.68404
4.72E-03	-4.640008
4.72E-03	-4.532127
4.72E-03	-4.3159
4.72E-03	-3.996296
4.72E-03	-3.846982
4.72E-03	-3.670872
4.72E-03	-3.592126
4.72E-03	-3.533136
4.72E-03	-3.506964
4.72E-03	-3.495271
4.72E-03	-3.497566
4.72E-03	-3.509272
4.72E-03	-3.531907
4.72E-03	-3.550933
4.72E-03	-3.56623
4.72E-03	-3.573684
4.72E-03	-3.574579
4.72E-03	-3.567665
4.72E-03	-3.549043
4.72E-03	-3.50529
4.72E-03	-3.438968
4.72E-03	-3.317516
4.72E-03	-3.143547
4.72E-03	-3.000189
4.72E-03	-2.889129
4.72E-03	-2.772515
4.72E-03	-2.759962
4.72E-03	-2.730144
4.72E-03	-2.720808
4.72E-03	-2.711429
4.72E-03	-2.702007
4.72E-03	-2.692541
4.72E-03	-2.683032
4.72E-03	-2.673481
4.72E-03	-2.663886
4.72E-03	-2.621823
4.72E-03	-2.537054
4.72E-03	-2.398474
4.72E-03	-2.254113
4.72E-03	-2.069678
4.72E-03	-1.869357
4.72E-03	-1.661148
4.72E-03	-1.160293
4.72E-03	-0.8228133
4.72E-03	-0.3991412
4.72E-03	0.06392727
4.72E-03	0.7253181
4.72E-03	1.411965
4.73E-03	2.632738
4.73E-03	3.169699
4.73E-03	3.285997
4.73E-03	3.4012
4.73E-03	3.515306
4.73E-03	3.628315
4.73E-03	3.740229
4.73E-03	3.851046
4.73E-03	3.960767
4.73E-03	4.610809
4.73E-03	4.642839
4.73E-03	4.689964
4.73E-03	4.767623
4.73E-03	4.825469
4.73E-03	4.875595
4.73E-03	4.915759
4.73E-03	4.938698
4.73E-03	4.952596
4.73E-03	4.959779
4.73E-03	4.966146
4.73E-03	4.974475
4.73E-03	4.979602
4.73E-03	4.9799
4.73E-03	4.980282
4.73E-03	4.98098
4.73E-03	4.982244
4.74E-03	4.983358
4.74E-03	4.984471
4.74E-03	4.984962
4.74E-03	4.985562
4.74E-03	4.985617
4.74E-03	4.985653
4.74E-03	4.985346
4.74E-03	4.984697
4.74E-03	4.983706
4.74E-03	4.982373
4.74E-03	4.980698
4.74E-03	4.978681
4.74E-03	4.963548
4.74E-03	4.929016
4.74E-03	4.810233
4.74E-03	4.771125
4.74E-03	4.624718
4.74E-03	4.41705
4.74E-03	4.150555
4.74E-03	3.92162
4.74E-03	3.776216
4.74E-03	3.637291
4.74E-03	3.575213
4.74E-03	3.524075
4.74E-03	3.50497
4.74E-03	3.498856
4.74E-03	3.504988
4.74E-03	3.508194
4.74E-03	3.511846
4.74E-03	3.515943
4.74E-03	3.520486
4.74E-03	3.525474
4.74E-03	3.530907
4.74E-03	3.536786
4.74E-03	3.553727
4.74E-03	3.569087
4.74E-03	3.576747
4.74E-03	3.577595
4.74E-03	3.570462
4.74E-03	3.550554
4.74E-03	3.513185
4.74E-03	3.507785
4.74E-03	3.50209
4.74E-03	3.496101
4.74E-03	3.489817
4.74E-03	3.483239
4.74E-03	3.476365
4.74E-03	3.469197
4.74E-03	3.428476
4.74E-03	3.338199
4.74E-03	3.175918
4.75E-03	3.032995
4.75E-03	2.918575
4.75E-03	2.797236
4.75E-03	2.784641
4.75E-03	2.760921
4.75E-03	2.714482
4.75E-03	2.694383
4.75E-03	2.659357
4.75E-03	2.612812
4.75E-03	2.518607
4.75E-03	2.387957
4.75E-03	2.245412
4.75E-03	2.057891
4.75E-03	1.842797
4.75E-03	1.631245
4.75E-03	1.105943
4.75E-03	0.7744947
4.75E-03	0.3556606
4.75E-03	-0.1682214
4.75E-03	-0.9382843
4.75E-03	-1.741684
4.75E-03	-2.865689
4.75E-03	-3.141131
4.75E-03	-3.676773
4.75E-03	-4.364122
4.75E-03	-4.52173
4.76E-03	-4.657082
4.76E-03	-4.745495
4.76E-03	-4.816
4.76E-03	-4.871133
4.76E-03	-4.909868
4.76E-03	-4.933751
4.76E-03	-4.949997
4.76E-03	-4.958032
4.76E-03	-4.964537
4.76E-03	-4.972929
4.76E-03	-4.978994
4.76E-03	-4.979911
4.76E-03	-4.980335
4.76E-03	-4.981026
4.76E-03	-4.982281
4.76E-03	-4.983388
4.76E-03	-4.984499
4.76E-03	-4.98497
4.77E-03	-4.985561
4.77E-03	-4.98562
4.77E-03	-4.984478
4.77E-03	-4.981042
4.77E-03	-4.971764
4.77E-03	-4.935261
4.77E-03	-4.844777
4.77E-03	-4.793586
4.77E-03	-4.588405
4.77E-03	-4.344954
4.77E-03	-4.026121
4.77E-03	-3.86136
4.77E-03	-3.674637
4.77E-03	-3.586686
4.77E-03	-3.53191
4.77E-03	-3.50573
4.77E-03	-3.495358
4.77E-03	-3.50001
4.77E-03	-3.51536
4.77E-03	-3.535079
4.77E-03	-3.552849
4.77E-03	-3.566912
4.77E-03	-3.573814
4.77E-03	-3.573979
4.77E-03	-3.566029
4.77E-03	-3.544898
4.77E-03	-3.499804
4.77E-03	-3.42718
4.77E-03	-3.303798
4.77E-03	-3.112405
4.77E-03	-2.9699
4.77E-03	-2.861625
4.77E-03	-2.750234
4.77E-03	-2.737529
4.77E-03	-2.729244
4.77E-03	-2.720921
4.77E-03	-2.712563
4.77E-03	-2.704167
4.77E-03	-2.695736
4.77E-03	-2.687267
4.77E-03	-2.678762
4.77E-03	-2.654203
4.77E-03	-2.605323
4.77E-03	-2.506454
4.77E-03	-2.38122
4.77E-03	-2.246212
4.77E-03	-2.061928
4.77E-03	-1.850213
4.77E-03	-1.639845
4.77E-03	-1.128524
4.77E-03	-0.799697
4.78E-03	-0.3812587
4.78E-03	0.1051999
4.78E-03	0.8132588
4.78E-03	1.538166
4.78E-03	2.702224
4.78E-03	2.92948
4.78E-03	3.372498
4.78E-03	4.237685
4.78E-03	4.435978
4.78E-03	4.509742
4.78E-03	4.616328
4.78E-03	4.725368
4.78E-03	4.777682
4.78E-03	4.831919
4.78E-03	4.884472
4.78E-03	4.921648
4.78E-03	4.942587
4.78E-03	4.954762
4.78E-03	4.963356
4.78E-03	4.969273
4.78E-03	4.976769
4.78E-03	4.979984
4.79E-03	4.980043
4.79E-03	4.980308
4.79E-03	4.980829
4.79E-03	4.981778
4.79E-03	4.982933
4.79E-03	4.984032
4.79E-03	4.985035
4.79E-03	4.985394
4.79E-03	4.9859
4.79E-03	4.984699
4.79E-03	4.984505
4.79E-03	4.983846
4.79E-03	4.98272
4.79E-03	4.981129
4.79E-03	4.979071
4.79E-03	4.976548
4.79E-03	4.973558
4.80E-03	4.964988
4.80E-03	4.945227
4.80E-03	4.938369
4.80E-03	4.904459
4.80E-03	4.794864
4.80E-03	4.759158
4.80E-03	4.640786
4.80E-03	4.434015
4.80E-03	4.195482
4.80E-03	3.925976
4.80E-03	3.781265
4.80E-03	3.638368
4.80E-03	3.579113
4.80E-03	3.52241
4.80E-03	3.504783
4.80E-03	3.499805
4.80E-03	3.505671
4.80E-03	3.509182
4.80E-03	3.513157
4.80E-03	3.517594
4.80E-03	3.522494
4.80E-03	3.527857
4.80E-03	3.533684
4.80E-03	3.539973
4.80E-03	3.558816
4.80E-03	3.573778
4.80E-03	3.579982
4.80E-03	3.578597
4.80E-03	3.568577
4.80E-03	3.544661
4.80E-03	3.535487
4.80E-03	3.523677
4.80E-03	3.496314
4.80E-03	3.430522
4.80E-03	3.278845
4.80E-03	3.091424
4.80E-03	2.956012
4.80E-03	2.850175
4.80E-03	2.74249
4.80E-03	2.72947
4.80E-03	2.698061
4.80E-03	2.659659
4.80E-03	2.615821
4.80E-03	2.527224
4.80E-03	2.397946
4.80E-03	2.255007
4.80E-03	2.072205
4.80E-03	1.864592
4.80E-03	1.654458
4.80E-03	1.147219
4.80E-03	0.8165627
4.80E-03	0.3952473
4.80E-03	-0.08040025
4.80E-03	-0.7681274
4.80E-03	-1.476369
4.81E-03	-2.644597
4.81E-03	-4.232414
4.81E-03	-4.39233
4.81E-03	-4.662522
4.81E-03	-4.765401
4.81E-03	-4.841784
4.81E-03	-4.896465
4.81E-03	-4.927522
4.81E-03	-4.945734
4.81E-03	-4.957273
4.81E-03	-4.964231
4.81E-03	-4.971057
4.81E-03	-4.978706
4.81E-03	-4.979835
4.81E-03	-4.980272
4.81E-03	-4.980809
4.81E-03	-4.9818
4.81E-03	-4.982959
4.82E-03	-4.984055
4.82E-03	-4.985055
4.82E-03	-4.985412
4.82E-03	-4.985891
4.82E-03	-4.984567
4.82E-03	-4.981815
4.82E-03	-4.975525
4.82E-03	-4.957783
4.82E-03	-4.931819
4.82E-03	-4.922805
4.82E-03	-4.879519
4.82E-03	-4.758979
4.82E-03	-4.721696
4.82E-03	-4.611349
4.82E-03	-4.425324
4.82E-03	-4.223255
4.82E-03	-3.993782
4.82E-03	-3.861316
4.82E-03	-3.698994
4.82E-03	-3.617747
4.82E-03	-3.549475
4.82E-03	-3.51721
4.82E-03	-3.500498
4.82E-03	-3.499874
4.82E-03	-3.509971
4.82E-03	-3.534175
4.82E-03	-3.554147
4.82E-03	-3.569907
4.82E-03	-3.577882
4.82E-03	-3.579369
4.82E-03	-3.573146
4.82E-03	-3.555756
4.82E-03	-3.513957
4.82E-03	-3.45012
4.82E-03	-3.332122
4.82E-03	-3.165699
4.82E-03	-3.019416
4.82E-03	-2.906481
4.83E-03	-2.787235
4.83E-03	-2.774775
4.83E-03	-2.751301
4.83E-03	-2.738359
4.83E-03	-2.725387
4.83E-03	-2.712384
4.83E-03	-2.699351
4.83E-03	-2.686287
4.83E-03	-2.673193
4.83E-03	-2.660069
4.83E-03	-2.613684
4.83E-03	-2.519841
4.83E-03	-2.392068
4.83E-03	-2.250861
4.83E-03	-2.066858
4.83E-03	-1.855122
4.83E-03	-1.644332
4.83E-03	-1.130701
4.83E-03	-0.8011323
4.83E-03	-0.3822395
4.83E-03	0.1097317
4.83E-03	0.8300224
4.83E-03	1.565801
4.83E-03	2.723612
4.83E-03	2.966055
4.83E-03	3.437613
4.83E-03	4.357006
4.83E-03	4.508909
4.83E-03	4.561484
4.83E-03	4.650613
4.83E-03	4.724042
4.84E-03	4.809421
4.84E-03	4.866881
4.84E-03	4.906579
4.84E-03	4.93154
4.84E-03	4.94872
4.84E-03	4.957531
4.84E-03	4.964186
4.84E-03	4.972222
4.84E-03	4.978865
4.84E-03	4.979898
4.84E-03	4.980348
4.84E-03	4.980994
4.84E-03	4.982168
4.84E-03	4.983316
4.84E-03	4.984408
4.84E-03	4.98493
4.85E-03	4.985548
4.85E-03	4.985658
4.85E-03	4.985709
4.85E-03	4.985348
4.85E-03	4.984575
4.85E-03	4.983391
4.85E-03	4.981796
4.85E-03	4.979789
4.85E-03	4.977371
4.85E-03	4.963096
4.85E-03	4.925074
4.85E-03	4.810776
4.85E-03	4.773119
4.85E-03	4.632896
4.85E-03	4.420325
4.85E-03	4.151484
4.85E-03	3.916119
4.85E-03	3.768829
4.85E-03	3.631598
4.85E-03	3.571002
4.85E-03	3.522491
4.85E-03	3.505283
4.85E-03	3.500564
4.85E-03	3.507668
4.85E-03	3.511726
4.85E-03	3.516205
4.85E-03	3.521105
4.85E-03	3.526425
4.85E-03	3.532167
4.85E-03	3.53833
4.85E-03	3.544914
4.85E-03	3.55412
4.85E-03	3.569219
4.85E-03	3.578177
4.85E-03	3.579692
4.85E-03	3.573112
4.85E-03	3.554734
4.85E-03	3.518565
4.85E-03	3.513446
4.85E-03	3.508039
4.85E-03	3.502347
4.85E-03	3.496367
4.85E-03	3.490102
4.85E-03	3.483549
4.85E-03	3.476711
4.85E-03	3.437772
4.85E-03	3.350803
4.85E-03	3.166285
4.85E-03	2.999608
4.85E-03	2.88181
4.85E-03	2.766891
4.85E-03	2.754523
4.85E-03	2.725061
4.85E-03	2.719124
4.85E-03	2.713151
4.85E-03	2.707143
4.85E-03	2.701098
4.85E-03	2.695019
4.85E-03	2.688903
4.85E-03	2.682752
4.85E-03	2.659079
4.85E-03	2.611852
4.85E-03	2.516217
4.85E-03	2.387619
4.85E-03	2.245384
4.85E-03	2.060273
4.85E-03	1.844799
4.85E-03	1.633675
4.85E-03	1.113051
4.85E-03	0.7841128
4.85E-03	0.3674097
4.86E-03	-0.1447968
4.86E-03	-0.9323815
4.86E-03	-1.703466
4.86E-03	-2.857731
4.86E-03	-3.140529
4.86E-03	-3.691287
4.86E-03	-4.278084
4.86E-03	-4.416436
4.86E-03	-4.625451
4.86E-03	-4.724759
4.86E-03	-4.808319
4.86E-03	-4.868856
4.86E-03	-4.908124
4.86E-03	-4.932586
4.86E-03	-4.949256
4.86E-03	-4.957726
4.86E-03	-4.964293
4.86E-03	-4.972567
4.86E-03	-4.978947
4.86E-03	-4.979911
4.87E-03	-4.980343
4.87E-03	-4.981013
4.87E-03	-4.982229
4.87E-03	-4.983355
4.87E-03	-4.984457
4.87E-03	-4.98495
4.87E-03	-4.985552
4.87E-03	-4.985639
4.87E-03	-4.984539
4.87E-03	-4.981192
4.87E-03	-4.972224
4.87E-03	-4.93623
4.88E-03	-4.844142
4.88E-03	-4.795962
4.88E-03	-4.601271
4.88E-03	-4.358166
4.88E-03	-4.032259
4.88E-03	-3.861151
4.88E-03	-3.673075
4.88E-03	-3.584356
4.88E-03	-3.53097
4.88E-03	-3.50508
4.88E-03	-3.495096
4.88E-03	-3.500034
4.88E-03	-3.516178
4.88E-03	-3.535426
4.88E-03	-3.553059
4.88E-03	-3.566922
4.88E-03	-3.573769
4.88E-03	-3.573834
4.88E-03	-3.56572
4.88E-03	-3.544143
4.88E-03	-3.498946
4.88E-03	-3.425106
4.88E-03	-3.301603
4.88E-03	-3.128288
4.88E-03	-2.990921
4.88E-03	-2.881395
4.88E-03	-2.76701
4.88E-03	-2.754304
4.88E-03	-2.724067
4.88E-03	-2.71798
4.88E-03	-2.711854
4.88E-03	-2.705689
4.88E-03	-2.699485
4.88E-03	-2.693242
4.88E-03	-2.686959
4.88E-03	-2.680638
4.88E-03	-2.656465
4.88E-03	-2.608339
4.88E-03	-2.51104
4.88E-03	-2.385234
4.88E-03	-2.248085
4.88E-03	-2.063702
4.88E-03	-1.852204
4.88E-03	-1.641343
4.88E-03	-1.128386
4.88E-03	-0.7981112
4.88E-03	-0.3782391
4.88E-03	0.1116794
4.88E-03	0.8278639
4.88E-03	1.560581
4.89E-03	2.721563
4.89E-03	2.958758
4.89E-03	3.420421
4.89E-03	4.321056
4.89E-03	4.484879
4.89E-03	4.543305
4.89E-03	4.642509
4.89E-03	4.717704
4.89E-03	4.798362
4.89E-03	4.863422
4.89E-03	4.905771
4.89E-03	4.931198
4.89E-03	4.948547
4.89E-03	4.957502
4.89E-03	4.96419
4.89E-03	4.972084
4.89E-03	4.978847
4.89E-03	4.979899
4.89E-03	4.980352
4.89E-03	4.98099
4.89E-03	4.982152
4.89E-03	4.983307
4.90E-03	4.984396
4.90E-03	4.984924
4.90E-03	4.985546
4.90E-03	4.985662
4.90E-03	4.985712
4.90E-03	4.98527
4.90E-03	4.984336
4.90E-03	4.982911
4.90E-03	4.980995
4.90E-03	4.978587
4.90E-03	4.975688
4.90E-03	4.966695
4.90E-03	4.933931
4.90E-03	4.853197
4.90E-03	4.815126
4.90E-03	4.672852
4.90E-03	4.625721
4.90E-03	4.514941
4.90E-03	4.293573
4.90E-03	4.006941
4.90E-03	3.863341
4.90E-03	3.688399
4.90E-03	3.605352
4.90E-03	3.543811
4.90E-03	3.515656
4.90E-03	3.502525
4.90E-03	3.504066
4.90E-03	3.515528
4.90E-03	3.539887
4.90E-03	3.549044
4.90E-03	3.557116
4.90E-03	3.564102
4.90E-03	3.570002
4.90E-03	3.574816
4.90E-03	3.578544
4.90E-03	3.581187
4.90E-03	3.579452
4.90E-03	3.571321
4.90E-03	3.569575
4.90E-03	3.567623
4.90E-03	3.565466
4.90E-03	3.563103
4.90E-03	3.560535
4.90E-03	3.557762
4.90E-03	3.554783
4.90E-03	3.536756
4.90E-03	3.489853
4.90E-03	3.382149
4.90E-03	3.236868
4.90E-03	3.083722
4.90E-03	2.965031
4.90E-03	2.858631
4.90E-03	2.75127
4.90E-03	2.737872
4.90E-03	2.729118
4.90E-03	2.720315
4.90E-03	2.71146
4.90E-03	2.702554
4.90E-03	2.693598
4.90E-03	2.684591
4.90E-03	2.675533
4.90E-03	2.649288
4.90E-03	2.596777
4.91E-03	2.489701
4.91E-03	2.35497
4.91E-03	2.210335
4.91E-03	2.018741
4.91E-03	1.773263
4.91E-03	1.558797
4.91E-03	1.279252
4.91E-03	0.9858793
4.91E-03	0.6476001
4.91E-03	0.2311484
4.91E-03	-0.3200191
4.91E-03	-0.9429851
4.91E-03	-1.83499
4.91E-03	-2.767931
4.91E-03	-4.564362
4.91E-03	-4.588208
4.91E-03	-4.626373
4.91E-03	-4.691959
4.91E-03	-4.756567
4.91E-03	-4.840554
4.92E-03	-4.894206
4.92E-03	-4.924814
4.92E-03	-4.944822
4.92E-03	-4.956367
4.92E-03	-4.964104
4.92E-03	-4.970401
4.92E-03	-4.978663
4.92E-03	-4.979843
4.92E-03	-4.980291
4.92E-03	-4.980821
4.92E-03	-4.981799
4.92E-03	-4.982955
4.92E-03	-4.984051
4.92E-03	-4.985053
4.92E-03	-4.98541
4.93E-03	-4.98589
4.93E-03	-4.984576
4.93E-03	-4.981837
4.93E-03	-4.975578
4.93E-03	-4.958007
4.93E-03	-4.93265
4.93E-03	-4.923853
4.93E-03	-4.881472
4.93E-03	-4.760626
4.93E-03	-4.723624
4.93E-03	-4.613359
4.93E-03	-4.427144
4.93E-03	-4.224394
4.93E-03	-3.994369
4.93E-03	-3.861765
4.93E-03	-3.699125
4.93E-03	-3.617579
4.93E-03	-3.549411
4.93E-03	-3.517195
4.93E-03	-3.500541
4.93E-03	-3.499957
4.93E-03	-3.510086
4.93E-03	-3.534248
4.93E-03	-3.554201
4.93E-03	-3.569956
4.93E-03	-3.57793
4.93E-03	-3.579417
4.93E-03	-3.573192
4.93E-03	-3.5558
4.93E-03	-3.514008
4.93E-03	-3.450165
4.93E-03	-3.332184
4.93E-03	-3.165755
4.93E-03	-3.019501
4.93E-03	-2.906577
4.93E-03	-2.787326
4.93E-03	-2.774867
4.93E-03	-2.751393
4.93E-03	-2.738451
4.93E-03	-2.72548
4.93E-03	-2.712478
4.93E-03	-2.699446
4.93E-03	-2.686383
4.93E-03	-2.67329
4.93E-03	-2.660167
4.93E-03	-2.613782
4.93E-03	-2.519938
4.93E-03	-2.392126
4.93E-03	-2.250828
4.93E-03	-2.066823
4.93E-03	-1.855038
4.93E-03	-1.644225
4.93E-03	-1.130483
4.93E-03	-0.800934
4.93E-03	-0.382085
4.94E-03	0.1101783
4.94E-03	0.831012
4.94E-03	1.56731
4.94E-03	2.724666
4.94E-03	2.96792
4.94E-03	3.440995
4.94E-03	4.363249
4.94E-03	4.513276
4.94E-03	4.56488
4.94E-03	4.652392
4.94E-03	4.725467
4.94E-03	4.811903
4.94E-03	4.868165
4.94E-03	4.907217
4.94E-03	4.931897
4.94E-03	4.948928
4.94E-03	4.957603
4.94E-03	4.96422
4.94E-03	4.972387
4.94E-03	4.978898
4.94E-03	4.9799
4.94E-03	4.980343
4.95E-03	4.980999
4.95E-03	4.982191
4.95E-03	4.983331
4.95E-03	4.984427
4.95E-03	4.984938
4.95E-03	4.985549
4.95E-03	4.985651
4.95E-03	4.985748
4.95E-03	4.985254
4.95E-03	4.984171
4.95E-03	4.982498
4.95E-03	4.980234
4.95E-03	4.977381
4.95E-03	4.973938
4.95E-03	4.965669
4.95E-03	4.946166
4.95E-03	4.895852
4.96E-03	4.852426
4.96E-03	4.68127
4.96E-03	4.637523
4.96E-03	4.525115
4.96E-03	4.299847
4.96E-03	4.003584
4.96E-03	3.858239
4.96E-03	3.684183
4.96E-03	3.604665
4.96E-03	3.543717
4.96E-03	3.516333
4.96E-03	3.503598
4.96E-03	3.505199
4.96E-03	3.516441
4.96E-03	3.541113
4.96E-03	3.546484
4.96E-03	3.55237
4.96E-03	3.562826
4.96E-03	3.57624
4.96E-03	3.58225
4.96E-03	3.580455
4.96E-03	3.569853
4.96E-03	3.541374
4.96E-03	3.495581
4.96E-03	3.48856
4.96E-03	3.481214
4.96E-03	3.473543
4.96E-03	3.465548
4.96E-03	3.457228
4.96E-03	3.448584
4.96E-03	3.439615
4.96E-03	3.389449
4.96E-03	3.282075
4.96E-03	3.149238
4.96E-03	3.023388
4.96E-03	2.910246
4.96E-03	2.794689
4.96E-03	2.781691
4.96E-03	2.757121
4.96E-03	2.742141
4.96E-03	2.727108
4.96E-03	2.712023
4.96E-03	2.696885
4.96E-03	2.681694
4.96E-03	2.666451
4.96E-03	2.651155
4.96E-03	2.602262
4.96E-03	2.502745
4.96E-03	2.368723
4.96E-03	2.225313
4.96E-03	2.030957
4.96E-03	1.795186
4.96E-03	1.581214
4.96E-03	1.298652
4.96E-03	1.011892
4.96E-03	0.672651
4.96E-03	0.2546769
4.96E-03	-0.3240488
4.96E-03	-0.9541773
4.96E-03	-1.872604
4.96E-03	-2.824225
4.97E-03	-4.40477
4.97E-03	-4.499434
4.97E-03	-4.654071
4.97E-03	-4.746797
4.97E-03	-4.819914
4.97E-03	-4.876273
4.97E-03	-4.913464
4.97E-03	-4.935834
4.97E-03	-4.951198
4.97E-03	-4.958379
4.97E-03	-4.964917
4.97E-03	-4.973443
4.97E-03	-4.979016
4.97E-03	-4.979899
4.97E-03	-4.980319
4.97E-03	-4.981038
4.97E-03	-4.982339
4.97E-03	-4.983424
4.98E-03	-4.984546
4.98E-03	-4.984996
4.98E-03	-4.985576
4.98E-03	-4.98559
4.98E-03	-4.984368
4.98E-03	-4.980765
4.98E-03	-4.971735
4.98E-03	-4.944045
4.98E-03	-4.868432
4.98E-03	-4.830767
4.98E-03	-4.683358
4.98E-03	-4.639269
4.98E-03	-4.53156
4.98E-03	-4.315738
4.98E-03	-3.996214
4.98E-03	-3.846967
4.98E-03	-3.671043
4.98E-03	-3.592464
4.98E-03	-3.533411
4.98E-03	-3.507237
4.98E-03	-3.495524
4.98E-03	-3.497789
4.98E-03	-3.509452
4.98E-03	-3.53212
4.98E-03	-3.551154
4.98E-03	-3.566446
4.98E-03	-3.573892
4.98E-03	-3.574781
4.98E-03	-3.567863
4.98E-03	-3.549239
4.98E-03	-3.505479
4.98E-03	-3.439166
4.98E-03	-3.3177
4.98E-03	-3.143742
4.98E-03	-3.000404
4.98E-03	-2.889354
4.98E-03	-2.772749
4.98E-03	-2.760196
4.98E-03	-2.730378
4.98E-03	-2.721043
4.98E-03	-2.711665
4.98E-03	-2.702244
4.98E-03	-2.69278
4.98E-03	-2.683273
4.98E-03	-2.673723
4.98E-03	-2.66413
4.98E-03	-2.623605
4.98E-03	-2.542104
4.98E-03	-2.412921
4.99E-03	-2.260482
4.99E-03	-2.085346
4.99E-03	-1.882157
4.99E-03	-1.66977
4.99E-03	-1.172152
4.99E-03	-0.8217421
4.99E-03	-0.4009477
4.99E-03	0.06214675
4.99E-03	0.7164834
4.99E-03	1.397407
4.99E-03	2.630068
4.99E-03	3.236313
4.99E-03	3.432535
4.99E-03	3.626357
4.99E-03	3.81778
4.99E-03	4.006802
4.99E-03	4.193426
4.99E-03	4.377649
4.99E-03	4.559474
4.99E-03	4.581509
4.99E-03	4.6181
4.99E-03	4.681374
4.99E-03	4.747741
4.99E-03	4.844184
4.99E-03	4.898252
5.00E-03	4.927003
5.00E-03	4.946092
5.00E-03	4.95754
5.00E-03	4.964383
5.00E-03	4.971384
5.00E-03	4.979286
5.00E-03	4.979767
5.00E-03	4.980161
5.00E-03	4.980631
5.00E-03	4.981511
5.00E-03	4.982673
